1	1.821857,13.9764,7.647539,1.897658,8.437145,9.691624,8.878907,4.473058,13.55891,7.949216
2	11.62465,5.775332,5.919049,10.71918,10.10611,8.969507,10.59489,9.910682,6.372825,-3.946758
3	9.221022,2.646238,7.60925,12.08971,16.7934,9.486061,11.93836,9.730975,3.114702,7.925027
4	11.50013,9.815879,5.177382,4.733192,9.484817,8.783316,2.556222,2.462524,7.82291,9.842665
5	7.990529,2.939868,7.705598,0.3531845,13.16512,15.902,4.163893,0.7793269,8.848598,5.324727
6	18.4487,15.14001,11.28363,15.94396,5.975207,22.32777,15.76627,25.86306,17.37755,11.45027
7	3.731833,11.45723,7.783541,10.00553,10.37171,7.052395,7.156656,9.324107,15.89043,2.382166
8	15.3155,8.47908,11.85009,11.33549,7.2874,16.03934,15.80201,13.50107,17.93417,12.79243
9	-4.123063,-0.3670032,-1.101833,2.210579,-2.554608,2.790144,-1.272923,10.83644,5.583537,6.550871
10	6.821318,7.691776,17.16141,6.746518,8.963096,8.03596,8.400036,8.604433,12.47094,9.113348
11	4.927103,5.102217,5.499046,9.563332,5.632178,5.811829,2.591698,4.378649,6.300802,3.055528
12	11.53279,2.317751,8.495119,7.3586,6.739526,9.715516,0.4282029,15.88292,1.675138,7.682348
13	12.43583,2.086978,-4.431503,-6.203028,4.250936,1.907201,0.4096581,-2.646811,-5.437302,-3.375961
14	8.077866,24.34645,17.1255,13.80676,20.29242,19.43211,11.90378,26.03051,13.72486,7.877527
15	17.53989,6.529012,8.284994,5.614235,4.329996,5.82637,9.938198,16.37623,11.13696,12.03954
16	3.099624,-5.33625,4.605114,1.206227,9.322937,-1.83041,-0.1510588,-2.630547,1.11448,4.010059
17	-4.040414,-3.239922,9.205789,-3.079237,4.059874,0.09461974,4.047009,10.44437,9.932942,0.345461
18	5.335331,4.706637,1.933002,4.550542,1.178121,4.103473,-0.00123372,-4.851039,6.939191,9.598725
19	9.211207,5.776454,-2.666092,6.010659,2.848498,4.295157,0.2171382,15.01571,4.34434,-2.027567
20	5.070866,-4.444603,6.797591,12.85254,9.701384,9.509106,12.8041,4.067707,15.48389,9.97328
21	16.1174,10.60646,20.81482,4.999175,12.27605,13.72165,14.16939,20.10232,15.68111,17.03584
22	9.477754,11.73114,-6.015481,8.863698,7.873622,3.873661,10.75506,4.053814,4.578347,10.28705
23	12.88908,9.054434,13.34484,10.30085,13.70534,16.9719,10.74071,28.24583,15.78006,20.65104
24	-4.581226,6.599018,3.990651,-0.0376429,8.621293,-1.506158,-0.9030715,-3.005361,-1.340893,6.725925
25	8.049407,11.88185,11.22082,2.868713,18.89215,10.67224,13.82799,14.77568,9.747171,8.470923
26	24.85669,13.08184,23.27073,22.56106,15.41483,17.8361,9.877258,16.61503,20.21806,15.49539
27	5.820388,11.34581,3.580125,5.394949,-0.4707,8.471564,12.53951,13.48521,10.07351,-3.348944
28	8.232999,10.85245,5.67982,13.39615,8.364495,2.154589,8.162746,16.82217,8.328593,13.66375
29	13.23839,12.35152,18.69795,9.682713,16.23105,13.5525,3.675553,7.955748,19.5801,14.04361
30	22.36941,18.38634,16.89981,14.03601,22.88946,17.98117,9.132115,14.22179,5.405451,14.02371
31	-1.177715,-0.1498942,1.153408,5.061091,5.391701,4.83976,-0.862713,-4.816456,0.05638878,3.389571
32	-3.838312,1.958455,2.644277,1.270622,1.180445,10.81776,5.812933,7.557155,-2.616035,2.821709
33	4.353197,16.72423,5.475223,10.94415,21.62002,18.07818,20.45834,16.53302,14.44921,10.37844
34	11.42436,19.32612,20.3722,24.47827,11.98501,13.04566,12.91889,13.12171,13.16685,13.52161
35	13.05916,18.26268,20.62386,11.13945,12.45957,17.6181,20.08877,13.74418,7.850033,23.54561
36	14.67466,6.202656,17.84861,23.06173,6.813597,11.10216,11.79412,11.59434,4.833572,17.50482
37	4.964924,1.009023,6.460042,1.871425,-1.238302,5.231797,-0.1691637,10.86306,1.908701,6.264075
38	3.16944,7.879489,11.18402,-1.713616,14.80848,6.977871,6.235614,2.221942,2.730531,10.28166
39	4.97819,12.67886,7.734815,20.82684,16.22873,12.97749,10.02442,11.3968,6.470469,13.14009
40	10.93378,6.905616,14.45172,17.20445,21.75497,8.406953,16.82192,16.1675,20.96978,14.86045
41	3.412898,4.189381,17.75277,18.23266,5.166484,0.7816628,-3.864675,8.573358,0.5471321,17.4233
42	21.05138,-3.54455,3.537833,-3.534472,3.738268,-2.366323,2.386516,0.5156568,-3.916211,2.056463
43	8.136444,13.75195,20.79712,9.428888,2.357497,10.32049,10.1638,15.23744,12.98132,16.15748
44	4.169971,11.95051,2.313362,7.453333,1.575752,7.040032,5.761349,-2.422603,5.278867,11.90107
45	9.038418,20.84614,15.39601,12.74113,23.21014,11.15204,16.5168,21.40869,18.01111,13.46489
46	8.567406,6.093037,12.59224,5.67084,2.49852,8.686631,-5.008912,7.959869,8.484805,4.875626
47	9.749152,-1.717572,-9.658561,6.061227,-0.5065533,-0.5544328,-4.07682,1.887207,5.506197,-0.9374101
48	4.762452,5.200491,2.871109,10.50217,1.029032,10.24625,10.02851,3.661995,10.2421,10.93385
49	0.188234,4.175395,3.117404,10.8384,17.92315,18.38944,12.44148,14.39337,9.275626,12.34486
50	8.533525,9.325794,16.96923,4.815057,-0.5716757,13.84139,5.919197,7.819465,14.52353,6.184569
51	8.641539,8.710957,5.316633,0.3163307,-1.483136,4.883072,16.0086,7.108519,6.821865,7.663118
52	19.3787,3.88157,4.506992,-2.961709,4.759959,4.76348,4.722448,-2.934691,14.92331,14.81793
53	18.57255,13.76765,13.40107,21.81322,8.860587,12.4439,11.34403,15.09876,7.13568,11.48333
54	10.13049,17.79609,2.836801,13.29758,18.56517,11.70481,14.81799,7.033568,19.23896,5.748056
55	6.304606,1.882542,15.14865,-1.149581,7.270686,-8.698868,6.012079,8.548328,0.5764,9.524165
56	5.783301,5.1471,1.142343,8.387648,3.305996,13.44078,10.3564,20.94876,4.211462,15.90844
57	8.864837,-1.166889,0.7240749,2.334441,7.054536,1.005396,11.38925,0.005128087,7.083185,6.715435
58	-1.280897,6.796972,9.780263,-3.203982,6.652862,1.62277,-7.835977,-1.779518,4.305746,2.725533
59	5.27526,0.4774558,-1.537841,11.85786,1.550007,1.929914,-3.617285,-4.720651,-5.615779,-0.1098411
60	22.84182,21.48378,13.81202,8.879249,13.36094,2.937749,13.43104,23.29939,15.65477,20.47944
61	18.7178,9.608064,5.122231,10.3533,2.407002,14.3189,12.50784,8.226093,7.557856,14.68147
62	4.121239,-0.2565674,6.625424,1.006896,7.974255,4.477724,-9.225763,-4.676857,8.413876,5.45398
63	7.168327,-2.058882,11.00863,10.85771,-5.273457,-2.228272,-4.252398,5.33644,-4.453848,-8.175018
64	19.08562,11.68006,14.94359,18.09839,8.593806,14.37869,15.87871,23.46387,18.21066,21.41117
65	8.301615,1.676177,14.64426,17.08413,9.686396,5.095488,15.43575,10.69664,8.06864,15.61793
66	-2.212381,3.957067,6.456886,-4.676294,3.990617,1.442066,5.37872,-1.94299,1.565068,8.91142
67	8.895527,4.853042,9.945372,3.875044,-2.980557,15.84561,4.565456,0.8695849,14.97641,9.940691
68	3.870093,10.98329,9.638304,-2.633153,7.766992,9.634068,9.341305,-6.121587,4.823213,15.89817
69	6.681656,17.45555,14.12972,19.80645,16.46913,15.405,15.91831,15.83128,8.652005,26.74747
70	-0.7215968,11.00056,7.057201,-0.8185828,3.027104,7.82731,13.18161,3.511325,-3.212533,-2.917712
71	30.27871,13.69325,12.72803,15.7878,19.66694,16.51414,5.219249,16.76768,17.25212,18.29775
72	0.3771185,-2.721494,-1.82945,-2.768896,0.009977751,0.4439147,5.980464,6.932142,-1.972658,0.4559101
73	9.719648,1.505633,11.15926,9.404547,18.86246,11.71711,6.884751,7.802389,7.473516,10.93018
74	11.60088,8.166564,5.296944,13.17351,9.687558,10.91419,15.51821,18.76018,5.230918,18.2204
75	3.111852,0.6154575,8.971265,-1.29456,5.302656,1.933721,-2.657401,8.073446,-8.441702,-0.6307623
76	3.322113,-3.593676,5.254765,-3.164501,5.296007,3.189147,5.57638,-2.692415,2.47677,-0.3140971
77	10.86881,-1.240355,1.000913,5.446219,2.180728,11.71768,5.686069,13.60667,3.744547,-3.669583
78	4.964688,9.052628,14.66958,11.71955,14.0701,14.57671,9.140739,-2.011156,13.97953,20.84558
79	8.162246,5.327412,9.791804,13.38056,14.33218,11.17588,5.330149,14.06626,16.74159,21.25941
80	11.96846,5.418023,8.624293,7.072107,5.327752,6.842546,10.82366,8.043895,3.667809,-5.198915
81	-10.57213,13.05476,-5.443811,-3.803759,9.288691,-8.94938,5.695313,0.2799562,4.279384,6.390551
82	-12.98475,-2.805262,3.900941,4.525338,12.13528,2.323135,4.318293,2.373892,-0.4341812,5.744554
83	5.922697,9.799248,13.90708,13.38226,7.586737,6.654433,12.56401,15.24455,10.60529,8.433536
84	-5.413758,-1.486591,7.674825,7.559659,-2.353888,3.053658,2.346978,-6.313244,6.0542,-7.561729
85	-0.7043637,0.918121,-6.109686,-5.25482,3.754549,1.127265,-0.9571424,-4.670136,-3.486493,12.18052
86	9.925032,9.81623,7.474044,-0.2617796,0.9524812,9.756956,-0.5417676,8.6377,3.332302,4.00812
87	6.385924,4.268666,0.8376793,6.350028,10.28002,1.968155,4.352447,3.391093,-2.889515,-2.632931
88	18.71041,15.73787,17.42694,15.75928,15.20999,16.11711,9.947675,27.00611,19.00981,13.74396
89	23.55579,13.02813,3.392546,21.8206,20.66115,11.12842,7.948125,5.827362,13.65493,5.830357
90	6.277596,-2.099816,1.381986,3.274741,10.59463,-2.792718,-6.021551,-7.228047,4.778686,1.699404
91	16.96547,16.12109,15.11771,11.88519,21.31005,12.97113,18.33382,15.8232,23.90762,18.55607
92	5.373454,-4.45423,14.48697,11.31941,2.166917,7.910038,7.20948,0.3362029,13.44954,4.758764
93	5.029378,4.572853,9.757287,12.88043,10.36915,13.52973,11.6749,12.72694,2.98547,13.38527
94	1.47574,-6.239255,1.502315,-0.1992882,-1.592557,-0.772988,8.227446,-4.294607,0.9230776,-10.35981
95	13.71163,1.18991,1.639102,-0.9881481,6.899026,11.77046,0.00733195,3.871378,12.83154,2.578513
96	8.47302,21.08444,18.97587,12.55899,10.48003,13.04791,19.07032,12.17875,5.628973,14.28548
97	13.81042,8.889033,15.58403,14.3375,14.83158,11.88837,11.45318,19.35723,15.52569,14.06532
98	5.814532,-0.03407572,-4.041589,-0.1966133,0.1220963,-0.507212,4.483063,9.604405,6.940459,8.230613
99	1.094621,5.303893,16.92719,5.93586,4.473455,3.078933,9.856343,16.53095,8.060785,4.693676
100	20.65766,12.89327,9.891263,21.09153,6.001197,13.45875,15.07758,12.78841,6.809961,11.79299
101	-7.284148,-8.530592,5.488243,6.537222,1.020059,0.9658976,5.625216,8.993595,-5.952776,8.522485
102	16.32572,14.69887,16.38976,8.544199,13.88086,11.47863,7.414002,18.78617,10.80863,9.726578
103	6.471143,9.734108,23.03222,9.637034,8.518641,13.67165,12.0074,7.308495,4.586386,14.23901
104	8.543376,1.739449,10.34547,21.95288,2.691142,5.075969,3.319731,8.174342,16.90727,9.233414
105	6.326332,11.17663,17.30108,12.57348,1.649883,3.48435,9.037278,5.949793,7.376651,-0.5614939
106	1.35721,2.405497,3.926047,5.971661,9.167245,3.454096,1.714957,14.08084,10.96933,9.484229
107	25.24409,21.13225,16.53512,18.12166,15.30671,14.44587,7.118832,18.71295,25.71162,25.44886
108	10.90997,15.72964,17.38649,12.03972,15.57139,9.864621,12.48861,15.9282,28.19787,9.729987
109	3.970874,9.176416,7.706242,12.58084,1.201118,-0.02787606,13.83787,7.126429,1.387947,0.6311379
110	3.363623,12.70923,7.219223,6.979404,5.922401,4.512113,5.161604,11.78239,-0.69382,11.43384
111	5.707928,-0.7290645,7.734526,2.807977,11.62196,1.861335,-2.938901,1.72995,3.139886,1.870347
112	3.946289,7.639957,0.1817669,9.800888,5.987221,5.808861,-4.181187,4.493855,3.221769,10.23648
113	9.433313,11.01973,14.5524,9.701716,6.978439,18.95675,15.34078,18.07198,8.984661,13.29773
114	3.14606,-2.074965,-2.967228,-4.530842,-5.171109,-2.31424,10.519,-1.278163,-3.565843,-5.027527
115	7.260347,4.586468,10.33834,9.600456,11.28035,7.21751,11.57181,5.617236,10.66463,5.210091
116	-1.544565,-1.743398,4.880388,1.739503,-1.151686,-2.49168,9.563429,0.8162535,-4.244017,-0.1500467
117	9.575338,10.55927,4.80282,13.98211,10.49952,13.6848,17.73441,10.8946,8.587267,6.163506
118	7.849555,-1.338422,-2.72681,2.663091,11.4214,6.614158,3.528753,9.347941,4.242606,5.425098
119	16.46284,16.41256,14.89528,11.64735,19.39818,20.2145,16.64288,8.901657,4.799763,10.96475
120	3.247433,10.6063,16.94728,10.81997,9.709092,6.186783,16.90417,5.602074,12.88148,13.87658
121	8.350348,12.28545,3.479481,3.544133,14.5319,-3.979807,11.1678,8.65482,6.707275,10.31673
122	10.62018,7.323717,11.29241,16.93854,13.33585,17.48525,8.625598,12.91538,12.51679,6.283762
123	-2.136265,6.753563,0.6691382,-3.495411,-5.671088,-4.031549,-7.750126,-2.4202,6.86703,-0.9048566
124	10.31004,13.57703,12.05491,12.78034,15.29998,15.41116,18.79199,17.69831,18.88324,15.66086
125	4.063207,-0.01807025,0.05955861,7.475939,8.7024,2.572028,0.0386769,10.26179,-4.218488,-2.559629
126	19.46791,10.29495,17.69476,14.09013,19.45884,21.64604,14.48267,18.07532,6.001138,13.68647
127	1.930029,0.8239958,1.058407,6.756415,1.229926,11.27122,-7.520837,3.796499,12.57267,-3.678745
128	2.45862,0.8065296,-0.3098118,11.6317,2.610274,7.460253,-12.86129,7.642445,8.560001,-0.4130399
129	6.206093,11.19087,8.938215,5.208502,4.539573,-1.099495,-4.69159,5.887499,7.348855,3.485153
130	8.296705,10.24801,16.47632,11.57312,14.00786,12.43029,18.62781,10.51216,5.050815,7.697794
131	9.15223,13.32434,6.122245,0.4036943,20.09666,12.17605,15.25084,8.439426,10.46809,-0.7659388
132	5.466556,7.35325,16.71788,12.34717,8.734475,11.84552,3.266464,15.85968,0.4563183,4.978046
133	6.3362,18.00654,16.70825,14.82359,11.86917,10.72014,15.75889,21.03186,7.557111,9.748129
134	1.869225,15.08732,16.72097,15.0636,10.63275,16.714,14.11306,19.60717,16.50472,18.46693
135	13.79921,-1.435768,12.58919,3.263819,11.8158,16.57376,7.75847,5.959178,9.568658,17.92712
136	7.267827,7.361622,9.300642,2.052943,16.17052,8.322726,-0.005012534,9.912708,8.795166,1.040053
137	8.232252,17.25651,20.16614,14.02057,16.13655,9.489001,19.77639,16.56415,15.50503,18.74058
138	17.40448,10.05275,26.1478,17.28368,14.82092,12.54779,13.89717,9.493953,15.31735,17.91763
139	-2.1466,8.844529,7.668917,4.943387,3.24451,7.291806,-0.8760522,-1.363771,-1.226048,4.193558
140	12.17423,22.09007,9.271216,12.53591,11.33474,15.79616,6.244035,20.92415,21.03516,19.88825
141	8.433982,10.79424,6.888962,7.461254,-4.566703,3.30976,11.07013,6.506348,-0.09353686,1.208116
142	5.10205,2.776323,-4.462919,-3.509354,12.11125,1.743898,14.10601,4.354486,-5.632048,16.96499
143	2.479595,1.399174,-5.593338,-5.552925,8.978025,-1.54211,6.139692,10.53878,-1.895833,-1.534495
144	-1.781035,0.1102211,-4.819774,5.709791,10.05488,3.136937,-0.00257837,-6.347902,9.453505,5.457437
145	12.49257,3.688915,-0.1288687,10.81633,9.466056,3.493034,21.76986,-6.745534,5.95931,11.6939
146	15.74175,18.94454,17.78791,14.86303,10.61463,21.08122,13.24375,13.52803,16.26569,15.05749
147	5.061513,8.154071,-4.354039,-1.252778,-10.21583,6.982743,2.025568,5.955124,-0.8159577,3.069131
148	19.2433,18.26985,7.04715,16.54712,2.570089,13.6078,12.23783,19.38021,16.46742,12.01389
149	0.9348399,2.600783,-0.2134681,-1.675094,3.3773,5.907363,-1.840736,8.339258,2.660856,7.555412
150	0.2753681,2.011593,-2.703289,16.81024,8.19667,19.68199,2.720581,17.40953,15.3806,6.212558
151	14.26638,22.53491,13.60234,25.13869,9.021299,21.56159,12.37996,16.77125,14.64163,14.33428
152	6.157196,12.79465,6.567474,6.871533,5.732598,3.87621,7.039558,10.96461,10.06929,10.98003
153	15.77863,22.76394,14.67965,9.958906,10.53552,11.72743,7.831086,22.09092,12.03057,20.59486
154	16.85054,12.12353,29.59614,9.605426,20.89246,19.34801,19.65583,20.12341,18.06488,18.04095
155	0.1264385,16.20093,5.661967,6.202595,-9.098261,-4.637319,-2.883303,-0.9353794,-0.8400641,5.218205
156	11.94781,-4.544706,5.63359,10.31701,11.37354,4.970737,3.831931,5.088881,3.844607,3.876952
157	3.170581,-0.7860315,-3.566626,-6.153177,0.06088059,10.61316,-0.7925015,-1.183304,15.90694,-7.786279
158	7.606863,15.91845,14.02719,10.26659,4.163268,11.61675,8.396085,5.570249,10.75639,12.89682
159	-6.555167,9.692386,3.145029,7.432695,11.7381,6.697794,6.444633,-7.150797,-0.08610416,9.745763
160	3.52016,0.229936,-2.256212,-5.305865,3.321259,-7.53679,-2.626156,1.442144,-2.826172,1.185505
161	15.68631,22.99443,14.4435,16.42728,5.080451,15.1537,11.19998,8.879934,20.01183,14.89229
162	2.988989,15.81469,19.71604,27.72302,19.43595,20.30218,11.92126,16.76427,12.62336,17.11028
163	-5.298329,2.228866,4.262281,2.287829,-1.193469,0.8065934,-6.214513,0.8871271,-6.877842,1.92267
164	22.4051,21.76444,13.35021,16.81749,5.861686,19.46889,11.40438,19.70255,5.644212,20.73501
165	5.9033,2.809631,8.491355,5.708766,2.868916,1.526896,18.0503,1.251764,8.795758,4.942927
166	-5.443147,-5.030223,-5.481177,5.43073,0.8161918,11.99571,5.166193,10.24099,4.513593,6.227337
167	14.61763,9.959722,15.16892,6.004365,15.02117,8.440133,5.569252,0.3887255,18.0985,12.59635
168	6.267578,-0.5514175,-4.61533,4.959607,4.436067,0.7088215,8.086118,4.422742,10.12775,12.45636
169	6.716785,13.12595,-2.673747,1.812977,2.421237,7.874105,17.91664,3.680435,3.867498,-2.515476
170	-1.726602,-0.4323575,0.2348028,1.688497,10.09808,8.231057,12.04295,-7.272098,-0.3135719,7.215519
171	2.756255,-3.344522,-0.03498289,15.48629,4.692072,14.93991,10.3365,9.512905,14.11766,-1.950794
172	1.389351,4.717597,-4.414273,-1.08577,9.053905,7.207604,12.51982,4.327357,4.077301,3.894159
173	-3.894397,4.477966,1.111478,5.87367,8.239732,-0.08108379,-0.1485897,1.767374,-1.292958,10.01292
174	7.891877,13.07844,4.954866,-7.390223,9.045902,0.8317991,8.486957,1.130538,5.52764,3.230117
175	1.080974,6.982037,-0.08263156,4.574786,4.49827,2.806897,14.71424,-3.347003,6.155922,-0.04557065
176	12.93996,9.110479,2.916235,-1.264664,12.2128,0.827544,-2.457124,-4.787352,-0.9201399,10.34048
177	6.815836,13.64231,20.45899,13.43123,11.58988,15.2604,11.45352,13.22646,26.97517,17.75505
178	12.72226,18.28945,7.572663,22.34592,13.89119,-0.1115161,10.65452,12.93054,24.94609,14.60505
179	-2.505119,-5.870086,-1.341575,-7.280823,15.41961,3.391234,5.125348,-3.757163,8.478337,4.610642
180	0.001842458,8.433507,1.181755,7.426149,5.64916,0.504122,1.750407,-2.312052,-0.4899905,-4.979591
181	4.909597,18.49676,6.725869,-1.389017,10.64622,4.559897,13.04686,6.26884,14.03384,5.913864
182	-0.8305632,8.124482,1.118455,11.96486,8.204798,3.854512,4.111679,10.4435,0.6749694,2.113644
183	1.424984,10.96127,4.191334,6.790857,16.5622,15.0077,9.032361,5.334116,11.55165,17.91661
184	15.37849,20.29745,19.58469,19.04637,11.44189,1.552074,12.16476,21.49599,14.04854,11.80976
185	-2.040809,-1.033896,2.434544,0.8285149,8.312634,-5.81899,-5.467358,-3.485674,1.854466,12.86842
186	11.10628,21.32043,16.54007,12.90749,14.81179,20.93649,14.47171,16.01221,18.90204,12.28929
187	8.111413,1.131592,5.320066,-0.739191,-2.58721,4.185529,0.07515719,6.211877,6.765082,-0.05315908
188	17.29798,8.015787,7.584581,8.418904,16.05002,6.235097,6.753664,8.728778,3.518152,7.876715
189	9.403389,13.84711,10.05655,-0.3563396,13.52338,10.03494,6.322885,12.72027,8.709489,5.229675
190	-5.055785,5.225559,0.3644328,-4.100585,7.113135,5.360484,-4.120226,4.601606,8.103153,9.214425
191	10.96252,11.8372,9.433005,4.817032,11.26296,14.61273,21.37468,7.792807,10.05876,-0.6349654
192	0.7283174,4.844429,5.337252,-2.748121,2.077543,3.162662,0.4415542,3.028745,-1.269935,-3.766289
193	10.90815,9.653492,8.527673,17.07015,15.49999,17.02206,13.11566,11.36971,12.49823,11.31671
194	-3.727348,6.761528,-4.17962,-2.469232,-1.544555,-3.988285,1.649548,-2.246147,2.784317,12.08708
195	17.38858,15.37341,24.71216,17.52574,13.70769,8.687642,15.23395,20.94985,10.52984,11.17354
196	13.55228,12.56245,13.64084,20.53109,15.29312,16.29328,23.15703,19.34684,21.08522,23.60199
197	6.836022,8.283037,3.492126,7.1347,2.456834,7.767437,1.264012,4.838235,12.95778,4.278884
198	-12.97551,2.509929,3.033796,13.72213,-0.8043954,-2.011107,13.42716,3.836217,1.97067,4.560386
199	9.854769,6.445044,5.505412,-0.5786238,2.021917,8.411904,1.241849,8.497683,12.21077,10.7364
200	2.049577,6.52481,3.916082,-4.54215,0.3082031,7.635942,6.67365,11.15298,-2.903663,-1.353725
201	6.510718,13.41472,8.800243,6.712255,15.14836,8.591989,9.459371,6.14005,5.174774,2.394825
202	2.136594,11.13814,7.89206,0.2184443,6.668973,-3.426696,2.599032,4.358802,-6.486942,7.963529
203	-4.213493,-7.853776,-0.06018333,6.12902,-0.8077939,-4.134086,0.3320802,2.030873,3.232797,4.23784
204	11.61525,13.90375,1.860693,8.456058,6.092885,12.60474,10.65115,11.38108,4.498647,11.2237
205	10.33957,21.86804,12.69474,21.57848,18.29467,9.645046,12.30507,8.513059,15.95117,-2.69793
206	19.07385,13.8883,22.17415,15.94805,10.09206,14.60849,19.50371,7.769476,14.64261,11.01928
207	2.83673,4.570493,2.626974,-5.906239,2.365204,8.738485,8.876998,-0.5854066,9.579136,9.495629
208	20.07484,17.63578,5.27532,18.44155,15.38166,10.8125,14.24906,10.01893,21.083,14.14082
209	-4.457055,-4.662436,-7.027418,-1.390203,-0.3667903,7.137085,-0.9869378,7.799247,-4.666134,-2.628778
210	-0.9436608,1.423079,-1.601854,2.016501,6.936807,6.767547,-6.543507,3.466994,-3.745009,1.12353
211	5.921566,10.60939,10.32677,1.368237,5.322067,16.49327,7.050082,12.77646,9.025283,6.559373
212	14.02773,8.938996,5.737853,3.516626,-2.723305,12.68129,10.11733,15.23465,7.467976,13.23981
213	9.985149,17.9343,5.033879,10.30011,13.28707,8.83446,13.72839,12.70539,5.824205,10.67406
214	0.467887,5.46089,6.251189,7.554395,6.894437,0.7010947,1.131827,3.193317,-0.4144933,15.93319
215	9.021171,8.033891,9.549322,9.033441,6.838519,8.14158,6.337041,5.933561,12.93876,7.339383
216	19.38808,12.61268,3.785344,15.07809,20.66084,14.62297,12.78143,16.30039,15.06671,10.18058
217	7.407125,8.322082,17.64764,21.96631,20.63314,14.9432,19.70168,18.93928,15.43471,15.164
218	15.83665,12.98437,6.270782,11.53078,14.30167,12.70881,19.91998,18.43613,9.446978,17.70793
219	13.76366,23.27036,17.5152,19.55027,23.7811,15.63519,16.32983,20.40019,15.04684,16.9211
220	5.766725,3.185952,9.934455,2.762166,2.099838,1.492374,11.64272,4.080866,3.033597,5.374871
221	9.429986,2.361732,7.510455,7.288281,11.62488,4.449468,10.12296,11.87446,15.88144,5.819491
222	11.42892,11.07901,16.8766,14.43291,10.08757,1.830704,9.498143,15.6482,7.444082,-1.540275
223	9.442456,9.429477,4.073349,9.122078,7.393681,8.894524,7.235611,7.80745,7.161897,19.08861
224	18.5898,5.536668,12.86767,4.938218,7.589873,12.55703,7.200565,7.586782,17.36463,17.97111
225	6.958812,-7.331415,-0.1866657,6.680402,3.915921,0.4913266,-3.021267,6.048982,9.298284,-8.956129
226	8.424826,4.989514,0.1518571,4.15077,9.798969,6.988945,3.726319,1.397016,5.461464,-0.01831234
227	18.3921,15.58206,12.66843,24.23117,8.543025,19.80368,16.1627,19.31275,22.05714,14.93493
228	9.209998,14.15819,20.94266,4.269532,11.15625,10.11324,16.89565,8.768736,9.974373,5.184986
229	5.214628,2.996395,5.179991,2.581014,14.31489,3.14165,5.822707,4.014688,9.573674,12.33727
230	8.048583,8.648772,4.184363,9.408747,7.017054,-0.4227652,9.052982,0.01855778,12.61304,7.871478
231	7.19984,8.046779,21.42915,11.96464,10.10034,16.51214,13.71551,9.659037,2.343059,12.74536
232	9.269605,7.737079,11.17452,13.50629,16.63299,2.134344,11.09141,8.733323,15.26452,21.11522
233	11.28169,13.60851,11.99794,-4.294521,0.2168634,4.479574,15.49564,6.709199,6.461616,6.494021
234	15.03495,-1.809148,-0.5203008,9.577803,13.78165,2.09642,13.53623,4.770062,11.29571,9.991576
235	5.591373,16.31071,5.589931,0.3536406,1.347602,-0.7366407,-4.408802,-8.852558,2.002816,9.720008
236	13.95417,10.94293,12.92171,12.57496,9.148828,15.20601,11.60576,2.212037,13.13204,19.86825
237	12.40163,12.72579,8.836792,-0.2806234,4.263196,9.099742,4.498427,2.155432,9.758284,7.010549
238	17.24976,17.45387,15.2511,18.27345,17.65891,18.85359,19.96563,20.21755,15.28912,8.683771
239	-5.587027,0.409694,0.7867136,3.463704,10.35957,10.48958,6.593368,3.161574,4.111045,1.760676
240	7.933323,7.870751,-0.5291958,4.891291,4.460964,-5.836523,1.159902,3.888031,4.015485,-1.137497
241	18.4815,11.78898,10.31203,8.502948,11.72702,5.808861,17.48777,7.682594,9.009169,18.40552
242	12.50861,9.664786,12.20027,2.390194,10.54811,10.94522,13.90521,9.767453,10.47883,3.323711
243	11.02137,12.04019,17.13376,14.62635,15.12162,1.009289,18.01161,7.822833,23.2356,6.631253
244	1.939495,8.299348,-0.384884,-2.713605,5.803378,0.7502429,7.394316,5.214221,0.8620267,2.879748
245	7.102837,11.4867,19.26224,14.03357,12.44094,14.63251,12.29155,6.740283,16.07902,4.567458
246	10.45766,-0.8619376,7.256316,1.093726,4.428235,-5.179664,-3.309705,11.46303,2.122453,2.339269
247	1.331505,4.273115,3.808402,3.957084,-0.01014014,11.42499,2.678946,1.154304,10.10913,0.1349232
248	1.491908,-0.97198,0.9205346,2.3763,12.83463,5.227025,1.013337,8.368388,0.4633039,4.610108
249	5.490259,12.53367,24.31846,13.93596,20.6833,17.2137,15.34952,1.870584,18.58207,11.97694
250	15.06093,0.01845465,-7.458839,8.732567,9.844632,5.066211,4.853201,14.15093,-4.823357,0.6111198
251	21.48199,10.98221,6.986872,19.66625,24.03045,14.71748,24.42956,22.89192,17.51142,17.14957
252	3.659842,1.303588,-1.672969,-11.88796,0.3857302,-3.177932,2.273763,9.718425,6.822231,-7.161514
253	1.358564,4.200645,3.032782,4.990343,16.74196,1.120818,11.85187,10.2098,9.336248,9.93029
254	14.30122,13.77539,8.216025,3.806666,12.04934,-1.11463,5.705512,7.018681,9.715053,4.111505
255	9.819619,26.83893,17.80577,12.7703,10.32792,17.39751,16.1849,8.302988,14.46285,17.88862
256	19.86605,4.619813,10.96976,15.4302,10.39363,17.35092,23.57166,15.58175,14.94379,4.870363
257	17.04462,15.57605,14.11798,25.40858,25.24533,10.77656,12.88708,14.99979,8.878055,18.08072
258	5.810208,15.02267,14.58591,9.266886,3.693359,8.732176,18.33475,13.61157,12.96953,-4.42509
259	4.324079,7.619744,11.57852,10.81946,14.78829,9.344518,9.766189,15.41282,10.28047,3.591957
260	5.836871,5.50487,4.694427,7.65665,-0.191881,9.011588,-4.692523,5.820127,0.02246613,5.53337
261	6.244199,7.556515,5.977899,5.022523,1.549767,11.98893,6.232875,7.30859,12.69848,14.50751
262	18.31071,23.19866,8.408768,8.175296,15.61679,12.03985,25.88902,21.26562,1.616709,6.670091
263	25.69236,16.064,24.20261,5.189005,9.66949,15.83078,12.55668,10.98028,9.083123,12.30468
264	6.567877,-1.836183,6.601353,3.64597,3.988075,-8.739346,-7.57425,2.708808,10.75388,6.728051
265	5.324008,5.951387,13.64886,0.05540167,5.271568,1.675644,3.280956,-2.134765,6.605355,10.90553
266	9.067934,12.74765,10.93885,9.99968,13.06692,1.054883,5.683968,10.71055,3.027784,9.58591
267	0.7644253,11.65701,15.11214,12.75596,17.20437,9.628905,9.434228,14.2824,9.072079,17.14026
268	9.561218,21.60505,18.59081,18.59752,10.17451,15.83229,20.30172,13.16888,16.69887,3.418061
269	7.069075,21.51467,18.68409,12.14445,12.8981,19.4796,20.45352,14.73986,11.6496,13.00224
270	5.031475,5.387949,9.887068,9.946301,7.498815,9.091642,10.94771,12.51494,18.3696,22.73614
271	13.64156,4.205385,17.46642,5.75875,11.53841,19.66511,13.51272,10.08155,13.20734,18.27609
272	8.679183,-0.6700439,4.641864,1.631509,2.547297,7.500904,1.23211,1.21871,0.06813437,-2.234097
273	10.49891,1.654034,-4.390944,-0.8770387,-4.948222,-5.512963,6.656269,0.5443546,5.385849,-1.133852
274	-1.961234,-2.65935,1.911517,6.965314,2.217825,-8.117655,11.47423,7.901593,14.07082,0.7966842
275	13.13266,10.83327,7.68296,20.1786,21.46437,20.71992,18.52604,16.43922,16.28817,24.97493
276	8.058028,3.065743,-0.3718381,1.515522,8.513301,15.50015,13.79417,0.4722805,6.885993,16.15957
277	16.04855,21.11578,20.43526,14.03254,11.0225,13.55121,7.819748,19.38678,14.47393,3.326581
278	7.104596,3.875841,-3.704475,-1.758492,17.32262,9.184023,3.612777,1.462576,1.742336,5.94887
279	4.627098,6.13812,10.84839,-4.997032,15.74047,6.899266,8.075284,9.234203,2.73,0.4002527
280	5.17064,-4.05018,1.535388,-5.392045,3.939403,-0.5531274,-2.014022,3.381504,7.684293,-6.454141
281	8.830224,19.09405,-0.9959039,6.770185,1.432821,11.95502,12.68549,8.302166,14.38764,10.83456
282	7.117596,-9.50771,3.611021,-0.1897704,-0.1160622,-3.543963,3.845096,3.360572,4.9495,3.859938
283	6.759662,15.10919,15.47115,10.38653,8.626809,10.37636,14.8526,7.393382,14.16666,13.52624
284	-4.316189,7.781389,-3.240928,-0.1277441,0.8256344,7.951445,4.703569,1.553677,-1.560846,4.521056
285	10.761,8.373313,3.786041,6.783801,2.256349,16.14647,6.571673,12.94092,12.78242,2.438092
286	0.09606685,7.579144,2.861751,4.562823,-6.836017,-1.351117,3.384765,4.159839,-2.804458,2.137153
287	7.487664,6.115278,11.50957,5.189733,6.432724,6.08499,6.750862,8.414573,10.41304,7.579624
288	15.5253,12.9436,8.418086,11.83178,6.194552,8.061868,-1.754015,6.173501,12.31084,20.86951
289	-1.783074,0.94684,5.781325,-2.998672,-2.718723,1.839345,-5.572512,-6.095173,0.05893126,0.1069851
290	2.277503,-4.863095,8.856579,-8.295175,-2.957627,3.259669,-3.319725,0.9154887,-2.191245,5.293868
291	11.82364,20.42973,9.642576,11.01169,2.351157,8.309559,14.77068,10.40921,18.54009,20.03027
292	7.681869,11.32539,7.123088,0.9380688,3.055181,4.230378,4.602998,3.88781,-1.118294,-0.8630526
293	12.60602,12.24094,7.473387,8.966939,10.14807,20.26172,6.157212,7.173706,18.33332,2.297995
294	17.35611,15.17881,13.24075,10.28123,16.83688,5.672641,15.55277,12.56685,20.98766,22.56416
295	2.672146,7.426589,8.48073,8.43815,0.3064821,5.021483,6.603837,10.22382,-2.431258,12.8625
296	9.622142,12.62872,14.65094,11.18738,12.13695,9.36154,15.61363,21.14395,12.06213,5.804159
297	12.61802,13.12475,-4.904274,19.43463,12.2994,11.95714,4.063732,12.22162,6.23028,11.05506
298	9.400528,5.721373,3.50451,1.865364,4.55084,3.537303,10.87555,6.489797,3.514198,8.116226
299	-0.2236917,5.1978,11.1079,2.835846,4.982826,8.056391,0.9270979,10.99144,-2.16145,4.829194
300	13.54442,0.6822219,11.98554,0.7857901,-0.7736977,-0.6473829,5.523678,-2.694429,6.376331,-1.721835
301	6.548835,22.45472,18.51817,10.18653,9.012315,14.99561,18.50504,13.76329,14.96862,15.72332
302	22.41827,3.341655,3.196158,8.824538,9.552225,11.00414,8.673173,9.449931,8.931086,13.77974
303	-2.256518,-2.797633,4.03607,1.317426,-2.826202,-2.796557,9.612411,6.529515,7.950685,-2.219817
304	2.552943,6.711992,3.316554,13.09794,8.628688,4.199988,8.127774,3.943551,11.35462,11.23411
305	19.16422,6.414366,1.031267,7.718046,6.249613,-6.536578,7.64229,11.58208,4.01654,12.28483
306	9.833934,10.47751,7.448514,14.54307,8.062419,20.30527,7.836777,6.851736,6.095513,10.56152
307	18.46369,3.691934,18.5669,22.6804,16.59285,-1.040284,17.18341,11.93374,14.8252,10.46931
308	-0.7193805,6.817308,3.285454,8.115084,-0.1580631,11.53338,6.265496,-10.01055,1.230478,4.974225
309	17.87004,6.861273,14.34082,2.578149,7.995504,6.803262,11.08196,3.694312,19.93984,14.91152
310	1.463944,5.536565,-6.516639,3.086037,11.60413,11.82559,4.887076,7.359047,1.44869,2.294395
311	9.246643,3.758522,11.29708,-7.476523,4.364204,12.59835,13.79256,10.30319,6.710684,7.011816
312	2.957242,5.264626,-1.179143,4.784138,16.13348,0.9100128,-0.5492809,2.917746,11.12209,1.836253
313	13.42846,11.92901,12.17812,12.17551,-0.3562152,8.42767,18.38528,22.99559,10.10506,12.84671
314	3.805028,-1.93675,3.322072,1.428109,-6.154018,-2.936701,-6.908978,-3.57525,9.932452,-1.879831
315	9.734317,9.389528,12.48268,10.99682,3.657646,8.857428,8.116845,13.85972,7.201283,7.582114
316	10.77338,13.46146,9.912935,8.657674,8.836164,6.783911,3.986299,6.377429,-0.01315147,4.138077
317	7.764302,10.7924,7.430005,4.386183,7.764305,-0.5592685,6.359507,8.766498,6.931922,10.51974
318	2.15582,-2.118068,-2.333759,-4.262908,-3.25099,6.132624,-2.218351,-8.833405,5.870075,4.993407
319	18.5116,15.37674,3.686747,20.27353,10.51337,26.99427,21.316,21.45293,24.94243,16.04603
320	8.911651,2.443962,12.84499,6.306005,4.735826,11.04322,2.723856,19.17066,4.473335,6.492466
321	6.600873,-5.560735,1.926488,5.028258,-3.084404,7.578198,0.6991812,7.182379,4.455396,-4.62936
322	23.61698,10.97866,22.13653,9.566054,17.86061,22.12397,12.96964,15.24574,9.843674,20.1529
323	16.16749,24.31098,14.71923,10.11384,19.74742,15.96609,9.913497,15.0714,7.399467,11.63325
324	-12.86148,5.473152,5.651058,-3.669834,1.71759,0.7082215,-4.243819,1.484447,10.34598,-4.39002
325	5.016463,7.955823,19.58923,11.2526,8.807803,23.07224,13.05313,16.3171,13.98739,20.28844
326	14.15461,14.30637,11.65155,15.44981,12.99394,12.48521,7.709651,14.58733,7.948308,5.869486
327	5.524806,6.755041,7.226434,4.742266,9.483348,2.827786,3.096907,2.503037,10.11009,10.49982
328	17.72312,1.113916,10.48616,5.541289,4.417443,-1.014474,5.22703,9.208956,-1.030595,1.556182
329	6.598365,9.352924,10.62708,8.944794,14.35688,17.7934,11.09094,12.03077,8.708963,14.42642
330	17.24068,11.86601,8.024746,7.612353,9.18503,9.054948,10.90681,14.13084,11.97208,13.69292
331	10.24718,-0.04114581,11.28851,17.87172,3.998763,10.95808,10.81739,6.498465,2.735489,-0.8100231
332	4.882516,1.9204,5.692814,14.32898,4.954214,9.32126,12.87169,-1.989145,11.40894,10.20658
333	-0.4764313,-1.429404,-0.7637798,1.48728,6.124392,1.360188,-0.9413525,5.340942,7.025742,1.288981
334	13.67635,10.43343,9.326849,18.82279,17.85355,8.24153,4.850573,17.95239,7.93465,23.05171
335	8.722134,8.078265,14.9021,15.81293,14.32646,14.57601,12.13519,23.33803,12.11649,16.50928
336	2.745631,-3.131013,5.500843,6.647017,8.077345,12.55756,-2.278541,3.222406,-2.198987,7.444653
337	13.14943,21.49265,14.22403,16.59018,14.64516,15.91734,18.89545,8.716518,24.96643,13.24612
338	9.63867,6.988112,20.26437,5.040975,10.67656,7.711984,9.757894,9.03853,4.895732,2.795866
339	9.748173,7.581363,14.86512,19.71257,11.85505,11.84599,9.880936,18.94531,21.00258,21.26286
340	2.444883,7.147468,4.605793,-0.5924963,5.224088,3.624146,4.616839,-5.477011,1.701713,2.877649
341	6.55446,-2.030987,3.068357,-3.601764,3.653939,1.611014,6.615173,-1.747264,6.270776,-0.05935898
342	12.66407,4.013496,9.566223,-1.524503,1.065181,5.891108,8.041565,8.130293,0.4941708,4.338252
343	12.95685,10.73638,11.73976,12.42907,5.761344,13.13487,12.39669,17.27622,-3.703263,13.82946
344	-0.1418719,-0.1919407,-0.3124781,-3.653058,-4.608319,2.744826,-6.01981,4.171287,0.8506802,4.745497
345	7.77247,12.60702,12.07846,15.04065,13.4535,5.258474,7.674669,16.27428,11.66879,11.01344
346	11.82225,22.49533,26.92328,15.0744,20.75246,10.60236,7.627035,13.9955,7.496406,24.86664
347	20.34043,7.942491,10.25047,9.254015,10.16558,12.40238,4.506646,11.66573,3.634836,7.490575
348	5.959281,10.60296,7.916132,2.347057,9.516657,3.906888,13.33715,6.402081,5.240873,11.0771
349	16.54655,4.316055,5.59668,7.572085,11.13716,9.667693,11.75807,13.43126,8.506879,20.44469
350	5.818054,2.755107,3.211339,4.362898,-0.4900466,-1.080068,2.10364,-0.06415864,4.060642,-4.691304
351	-9.105255,-6.192788,3.786197,2.131419,1.261566,6.040559,-0.87067,4.912048,-2.860251,11.18482
352	18.1753,21.43444,18.10875,18.32588,1.884451,11.99452,20.07211,14.3058,15.16906,17.57914
353	0.4971259,-5.13382,5.07675,8.50824,3.064025,8.780725,9.918719,8.001902,-5.409657,4.964035
354	13.18819,9.077707,13.03498,6.186622,13.34197,9.857233,8.935868,22.82545,6.683958,21.40914
355	12.51835,2.903347,19.28032,21.00567,9.385344,5.258616,4.329105,6.6459,6.609645,11.64734
356	0.8513557,3.88125,10.61927,2.554417,0.3823041,12.44417,10.8308,-1.097741,6.757355,-3.844512
357	11.07147,18.7471,9.392778,17.21415,18.61946,11.53348,16.47016,18.2682,12.17248,16.09974
358	-2.621608,2.493996,0.1949576,-2.438948,10.99556,3.025958,9.551955,1.132427,-2.277286,-0.2619359
359	8.576834,15.93761,7.961262,14.98783,5.153661,13.79313,10.41375,5.155257,15.03259,8.912985
360	12.76115,9.961737,1.894924,10.67247,3.667185,-3.202397,4.417845,0.338083,6.595519,0.2134667
361	13.7447,18.2985,5.758447,11.83822,17.62163,10.81688,2.935901,13.41143,13.55194,11.98027
362	7.368113,4.192574,5.20322,7.921168,2.965657,6.323689,1.869737,-5.142061,1.238635,1.32286
363	18.14678,13.63875,11.41396,14.02337,21.56632,15.06341,9.378942,19.28314,16.57091,16.68336
364	8.489535,12.5867,4.179567,16.3734,7.735259,10.58877,16.79966,4.708406,10.18906,12.91152
365	4.879334,13.07277,5.358592,9.967428,11.1244,10.99728,10.89104,11.42572,11.19483,13.12461
366	8.678879,-0.3074305,1.038181,-8.415323,-7.544498,9.05129,4.637662,5.221038,6.506422,0.7887665
367	12.17402,16.55238,17.46959,7.941013,15.54368,17.03614,10.80158,17.23065,13.17292,17.6959
368	-3.055702,2.595621,-6.476166,2.859042,-1.391466,-1.54428,-3.084232,3.656646,7.015502,0.4696312
369	-4.702964,1.812794,0.9380215,5.472041,1.762911,6.52924,8.851008,5.042659,-1.895532,6.515778
370	6.171285,10.94002,16.99933,8.950779,3.735799,6.642787,7.370985,12.4254,3.921248,7.887714
371	8.44627,-3.331024,10.82334,4.92661,4.132013,-0.7967119,6.524709,10.55679,11.98889,-2.461331
372	8.3789,12.27913,2.479935,9.056521,0.5365152,1.964957,13.52844,4.425363,-3.518853,5.622307
373	21.36872,10.72938,7.831102,4.551354,5.576538,14.2992,8.062916,18.45084,3.672031,9.26238
374	8.565809,0.7612565,6.355733,6.690032,4.436035,0.06309271,3.987664,7.091052,0.5989111,3.141258
375	2.155993,10.38054,1.569711,7.235078,3.93132,8.965423,3.423548,-2.559886,-0.6060531,-1.063923
376	7.480246,12.16607,4.477732,17.65366,23.08842,20.92266,24.38167,12.72112,18.34616,8.584963
377	1.213925,8.093189,5.464102,4.505407,7.548853,7.273407,6.882342,0.626589,6.521772,-0.06099884
378	23.68485,11.32455,2.404793,9.974791,-2.206496,11.4944,-1.327196,7.89662,9.389871,8.103979
379	6.10699,-6.101821,1.546034,-3.771998,-1.666083,6.331194,-6.177233,5.137842,-1.175667,2.408551
380	11.10231,19.5226,11.75193,21.98663,20.81385,17.17277,16.45691,13.616,5.946731,21.47098
381	7.542309,5.066295,10.14451,5.982262,-3.812884,9.154891,0.9479888,8.872083,5.491761,13.04811
382	9.421128,1.215414,9.993998,15.19976,9.208128,12.69059,9.754895,11.57608,12.37702,8.483225
383	-1.329701,4.809106,11.40935,2.66673,-5.625145,5.090413,-3.786524,1.229368,4.012237,4.611804
384	6.099278,14.90864,6.872377,2.872237,10.61724,7.118234,10.49523,15.62772,10.41232,10.71853
385	5.827126,13.94666,4.520192,12.62255,-0.01465901,1.76022,7.633638,-1.297684,12.11597,5.145775
386	3.872818,8.803061,8.199612,8.971893,9.414718,1.123946,13.58078,6.397371,4.449258,6.736591
387	-0.6157794,14.42855,10.62666,3.968755,0.01564832,5.796649,1.33367,3.726238,-4.212176,14.38976
388	14.8002,10.63511,14.89799,14.28385,15.22644,17.39218,17.62472,24.93176,16.82483,16.38813
389	1.11528,3.045016,10.63369,3.494378,6.288985,4.175466,6.599283,2.720804,10.71686,7.205355
390	12.61754,8.449987,21.35788,20.06597,11.27342,4.683634,13.89413,12.8358,6.952147,17.55287
391	10.72287,7.256221,-0.6079363,2.827887,2.620216,1.31573,10.12815,5.730914,16.96345,9.074151
392	14.42021,16.15977,22.29064,15.87289,12.23561,17.92839,14.77604,17.83711,18.47701,21.20175
393	13.84308,7.935692,2.935965,5.261945,4.242302,3.302856,-2.121747,10.98294,-2.297226,9.541931
394	-2.620469,4.079236,7.79292,6.784494,-5.506161,5.081075,2.433979,3.466285,-3.93029,-3.514502
395	18.98892,15.11556,13.77305,2.924909,21.31936,24.6514,23.17768,16.51505,22.59294,19.80837
396	9.785866,0.4655549,14.63606,14.63759,15.4955,1.806598,6.275204,9.240337,19.30542,6.989199
397	2.078273,2.217102,-1.889153,6.675356,9.163869,-3.873715,2.744465,6.024216,7.710195,-0.5480872
398	3.693517,6.031838,-5.412385,-0.7153509,0.1264855,-0.5604686,7.490277,-4.583341,-1.251578,-3.930575
399	-0.9558656,3.703313,-3.123776,8.270259,-8.415672,3.178742,-0.5626206,5.382859,-3.487501,7.511695
400	6.013801,7.409304,3.951696,-0.2965295,0.9620318,1.146084,-5.368189,2.538107,2.687423,-1.368936
401	-0.3707282,10.22154,0.3577318,2.764611,5.775137,6.646384,7.953743,3.196002,5.302546,9.199752
402	11.50404,5.349457,12.79257,2.509434,12.55616,3.954343,8.368348,13.38824,6.262186,2.728113
403	11.70733,0.5105265,-1.012647,2.202978,13.1699,10.31823,2.302848,-1.712652,7.92577,-1.27239
404	4.011676,7.99294,9.017855,7.439501,-2.111653,9.216904,4.111779,11.5514,7.933014,3.79884
405	9.788118,14.71793,9.978725,8.171842,16.1445,16.23075,19.01833,22.5401,17.13936,15.03499
406	5.152852,5.517819,4.910894,14.60345,13.42922,1.868418,13.6085,4.200984,10.83018,15.26777
407	0.4110961,8.072909,5.253224,4.923853,-6.760606,-0.2433503,-7.248781,0.9378491,0.8268564,0.173973
408	-0.3891956,2.397973,3.116328,7.523706,13.185,2.953627,-4.245813,4.274261,1.045515,8.533988
409	12.80619,4.791902,-4.599422,2.692183,7.59006,5.508108,5.814447,1.264171,3.274418,8.908711
410	25.6172,12.11418,10.37387,14.42383,19.51759,21.37755,5.120902,11.97117,7.110528,20.62906
411	15.40322,7.116092,12.69149,7.982578,22.3265,8.776744,18.26296,13.34503,7.900426,13.83812
412	6.296714,8.658212,10.06621,20.35599,12.79167,14.32989,18.69537,11.13556,16.88921,16.77056
413	3.456715,5.868695,1.388098,3.960869,-1.564063,7.272051,13.83699,-0.7063948,1.324143,5.771385
414	0.1198448,-3.504258,0.8911237,6.164959,3.157833,0.5356381,0.3974634,-6.643325,-0.5508951,2.731357
415	15.16003,15.98713,10.35813,3.65205,4.818221,11.61512,12.21024,11.74809,16.26355,9.880109
416	-2.381939,2.599007,4.691002,1.342099,4.036171,1.831687,-3.636781,-1.281026,-1.386877,5.602724
417	7.992475,15.81274,19.90369,11.5393,14.98253,15.8579,7.418133,18.14571,6.60903,20.89891
418	8.849177,17.98895,16.49432,14.4493,10.96162,15.5727,14.1024,15.27422,21.4957,12.82719
419	0.5614213,-1.216066,3.714094,9.240528,8.768533,4.373894,0.7553755,-5.21842,-2.91838,-3.966506
420	-0.9994106,0.09459058,4.786871,4.139093,3.197183,0.9800196,10.41956,6.9677,-1.619526,4.524385
421	2.717467,18.53907,1.962103,9.841676,5.704801,5.927551,6.380547,7.04583,6.879141,6.009677
422	-8.17909,6.28198,-0.4868114,-3.438591,-1.650424,-6.123576,-6.826808,4.57727,0.6110055,-1.915826
423	20.33193,21.27402,13.56873,13.34492,18.11192,24.58979,19.87114,21.66895,16.36398,24.82461
424	-0.07190307,5.923963,1.865598,3.971146,9.086736,2.16588,-3.151948,6.682214,-2.709426,-4.113665
425	10.15841,3.831738,4.363027,9.25426,-2.378404,8.037189,7.123761,6.05731,11.68293,13.75499
426	21.71162,11.21729,13.50467,20.01457,17.84046,13.44419,18.61038,12.02777,10.63553,13.16934
427	13.40269,11.3889,8.560085,6.898796,11.13907,7.783602,1.627407,13.34464,9.604319,7.280376
428	15.6315,7.644811,12.18711,12.11378,9.944016,16.58957,5.08621,16.06629,9.356802,12.07661
429	10.30679,3.391688,4.509722,5.177041,3.564837,-5.105381,0.6714424,3.617562,8.917626,-5.028092
430	-4.67676,7.239858,-0.9977409,-6.054065,2.971252,4.379644,1.861449,6.966501,6.200456,-1.524709
431	18.0522,6.566038,14.57842,9.269205,6.168198,9.808424,12.75519,8.922909,11.03724,8.791843
432	13.85254,8.9074,7.239931,16.44184,12.99186,11.5843,7.212278,19.3126,11.70142,7.329113
433	4.762928,11.07273,7.643308,-5.061275,5.881398,-2.520968,2.758472,-0.3760088,1.565915,3.413575
434	13.29519,12.05098,17.28897,23.23158,21.55852,15.87924,11.49849,19.37034,11.0451,17.76258
435	4.551897,7.799321,9.083874,17.18792,10.57689,8.883686,5.73527,15.46405,10.90616,6.759653
436	7.795643,8.137591,5.91151,7.114788,15.07046,10.33053,0.3496419,6.399441,11.7498,12.19828
437	-1.320014,0.2406112,-2.305262,5.239525,-1.546129,0.001643976,2.733107,12.6505,1.561428,-5.334473
438	14.79603,6.215232,6.917765,5.856347,2.987081,12.13055,11.12439,6.62715,16.57112,8.353056
439	-3.608121,3.547106,-3.977967,9.252737,3.933886,7.087503,7.919503,-3.842821,-0.4888376,0.1618041
440	10.98533,8.778967,6.641548,5.787091,0.03054061,5.510445,18.86724,18.10676,8.441943,15.05635
441	3.966168,12.62026,11.86666,11.18151,2.510417,11.71447,4.347656,7.362375,7.397215,14.63086
442	13.1553,13.82071,19.5132,13.88233,13.04929,9.335532,7.781774,18.40868,15.2462,15.39833
443	10.23334,-0.08424883,5.463889,2.59701,8.464438,12.23199,12.40922,-0.8204179,5.836166,0.452653
444	12.28966,21.93953,8.652243,19.59027,11.52822,23.63184,19.59122,9.731025,14.94637,18.44685
445	5.832787,11.71731,10.08046,7.70864,20.90423,5.865419,10.44629,9.210344,12.42523,1.12506
446	15.5692,19.13421,13.69398,11.27474,21.31618,10.63385,18.9597,13.00667,21.26467,12.4165
447	2.531523,14.29892,14.91697,12.53813,18.0542,7.403923,10.54671,0.1914552,4.702333,0.2092841
448	8.930781,9.823811,9.768768,6.319631,11.4371,17.07858,12.16183,17.70166,1.441149,10.96887
449	14.44167,11.48247,6.295552,15.23232,11.11199,7.006193,4.241773,10.7218,7.263033,-2.512131
450	6.670284,-1.106508,-1.021614,2.488721,8.379492,4.870271,5.713656,5.560267,6.35759,6.822013
451	-1.139571,6.118678,9.648342,16.30345,9.47974,5.658904,10.18126,14.05456,17.40415,10.74307
452	15.13931,12.68504,13.25466,21.93579,6.280771,16.8899,18.51789,11.29635,14.29672,16.63376
453	7.814749,-1.41556,-0.3095098,-1.975855,-1.125186,4.862934,1.536127,7.806648,-0.8578988,-12.56413
454	7.030204,9.256114,0.6138058,9.436515,-3.082612,7.057693,-1.14913,0.5969354,3.769013,-4.806266
455	15.29342,19.15845,13.51723,24.64059,20.49967,2.590404,14.28276,11.73314,16.27134,12.69725
456	22.73962,16.05481,16.98143,16.63907,19.88583,16.92384,13.72333,17.33512,12.84625,24.59786
457	-7.654689,-0.882192,2.898475,-3.292938,-2.264596,2.456562,2.907885,5.972809,-0.0001161797,3.295818
458	15.8657,2.797953,3.057101,12.49362,4.274315,5.104155,2.839055,5.202857,5.209434,3.78282
459	-3.985623,-6.581681,-3.689349,-2.759052,10.0963,2.839068,-2.540889,8.708979,2.110217,0.9649727
460	3.570172,-2.841016,0.5748522,0.5957224,1.398497,8.193694,-5.704633,0.9120179,-3.869297,3.953406
461	8.612779,1.567081,5.187811,15.13135,14.77848,17.3504,8.332134,1.187274,4.185764,-0.1705693
462	-0.5317338,-3.151916,-1.641373,-2.578399,9.875019,16.30796,-1.550973,5.415049,0.6105681,0.8285299
463	6.172541,8.575524,4.458131,7.548032,2.258973,0.2751886,0.3366084,9.117485,2.892225,14.05854
464	9.52259,20.53971,0.5475052,10.92119,2.718856,19.33685,7.975966,4.471459,10.0425,8.517727
465	3.345011,1.322809,12.01044,12.31414,2.854836,9.966656,-0.872233,12.42867,15.12282,7.913797
466	7.153307,13.07007,11.01453,17.10143,-0.3950136,8.295153,8.629754,4.490473,-5.313009,3.433787
467	5.876745,3.426528,3.430035,5.309576,2.683226,8.850902,9.465992,5.017673,8.138693,8.792097
468	5.698114,4.172816,4.289676,-0.260651,0.1647216,0.02123355,2.117001,0.05228094,4.411884,5.793485
469	3.544973,16.75112,15.9099,3.681932,2.163815,1.16548,15.15691,10.84861,1.782851,8.754669
470	4.758751,4.065228,16.00593,10.26058,14.01736,4.045708,-6.570927,8.959256,2.289253,14.51004
471	8.711911,4.598744,-4.714711,1.469373,2.982311,11.96741,2.500991,1.172609,-0.2457669,2.542559
472	12.24069,7.075363,7.120405,16.44318,3.567984,8.78296,12.81402,11.28224,-1.381695,12.79003
473	13.85069,16.40989,2.83687,5.417771,-2.134404,5.114801,2.192071,-3.971527,2.811222,2.862298
474	7.138377,7.310621,5.806467,7.953547,9.546843,15.97468,7.578341,7.274991,5.625662,-1.025372
475	15.27262,4.478384,5.120086,14.30696,14.51276,17.5248,18.93902,11.21122,12.1472,12.95551
476	6.13506,4.940106,1.962866,12.63545,-3.797542,5.31948,3.048986,2.881735,6.927148,1.407874
477	21.34026,18.83528,24.5744,20.40645,20.9472,24.57299,12.29318,13.92942,17.8376,17.24015
478	9.606117,22.1089,15.55896,17.2616,19.41133,12.2677,17.17375,10.43098,15.09627,18.15343
479	13.47398,3.726445,6.966697,4.363306,-0.6190741,7.831258,-2.226353,6.592293,7.672196,0.3574116
480	14.34547,11.78723,15.17046,7.856629,14.43369,9.804478,21.06719,8.841671,5.078368,17.11304
481	7.271426,5.871878,3.836483,8.630001,8.996449,5.516413,15.22795,5.876224,9.096054,4.77908
482	3.846266,13.3936,15.28825,-3.325597,0.3419603,10.95229,3.622666,12.86119,11.18817,5.033822
483	0.7847015,-1.41322,3.82922,5.380886,-2.188254,-3.024745,-6.451792,-1.605719,-0.9332405,1.856987
484	7.567833,8.663872,1.337723,0.4713049,4.386536,3.449815,-0.1949236,-1.641599,7.817636,4.045791
485	-9.00407,1.570489,2.222035,14.19711,4.696449,3.340573,10.5657,8.093886,6.200165,18.35236
486	12.85324,15.94619,12.29039,4.402901,14.17903,13.25394,16.20455,17.58334,20.53846,10.66349
487	8.022912,4.379997,7.579369,7.790436,9.079789,6.596827,6.67655,10.58981,9.119764,1.222749
488	17.81774,12.15512,11.68097,15.3131,24.20926,16.62263,21.41392,10.20131,11.19944,11.41398
489	11.13986,13.89853,14.91304,18.10688,21.41112,11.26452,12.07285,20.18458,17.36594,5.241446
490	14.0096,4.995202,8.431019,8.624615,11.37036,15.92623,9.77736,3.866093,-0.2734067,6.805374
491	10.02706,13.18222,12.69429,8.39993,13.19901,10.9696,10.34451,7.409425,10.9787,11.91616
492	15.53643,2.450581,8.410113,3.980982,5.834709,-7.026154,5.93305,10.48988,1.714249,-10.16305
493	6.700905,7.577976,7.018641,-4.88902,-0.8827418,2.46724,14.72236,9.818152,5.964686,12.29226
494	9.098979,12.90866,16.04141,14.85099,10.81194,8.374176,9.134303,7.000698,3.81591,4.860587
495	9.116611,13.68298,0.9656638,9.557448,9.441456,4.220229,7.33155,10.3179,10.73171,8.874085
496	13.08843,17.15326,18.83648,15.49884,9.746846,13.12929,19.299,20.35321,7.312352,12.64054
497	0.1845564,16.08513,8.390443,12.15286,4.253616,4.38403,8.80932,12.85494,9.949458,3.594484
498	9.439831,15.67597,17.1363,8.929097,16.79736,5.238448,6.509953,18.47003,7.703197,7.144702
499	19.75219,2.923002,19.80776,17.4636,17.60325,17.72013,7.070002,14.83087,19.47747,9.087367
500	1.524717,-0.462743,-0.2507174,0.8449338,3.726606,-3.957864,0.3432755,4.503715,1.132617,3.286198
501	-4.851676,5.843485,4.698008,8.672152,3.202803,14.04185,8.783199,6.928112,0.8029585,4.18309
502	3.374174,8.578478,1.147521,9.234768,10.23607,7.067457,2.265956,6.965886,-6.288954,2.709924
503	10.16062,7.283025,2.567149,5.923217,1.723292,-3.360908,9.705295,4.269251,-0.9656638,2.093149
504	18.00158,9.250743,17.55571,12.07586,6.309625,1.947884,7.408193,15.91366,11.04798,8.962713
505	-1.492177,6.417333,6.03252,3.741309,8.738691,-1.185073,8.994578,8.150429,3.469746,16.9796
506	11.38864,2.500194,4.019052,5.404711,10.68805,4.819968,7.680001,9.903629,15.63717,11.22302
507	9.83412,13.02847,12.753,13.78016,19.60982,22.49032,16.40767,14.79584,14.83319,11.67755
508	18.95235,4.964734,11.83775,20.62236,10.87067,19.88338,6.265122,10.96249,12.47459,7.347815
509	7.184162,8.56663,15.84333,20.10878,8.671307,9.603135,8.69867,13.25413,14.77718,28.12181
510	-4.04077,-1.107079,9.047085,4.900862,3.226177,-1.416136,8.789902,-4.091997,-0.5505874,14.93029
511	0.9359006,2.26421,-2.04561,-2.674301,-2.02915,13.65179,0.3794724,10.54961,13.41508,5.134116
512	10.68856,14.11364,9.892859,12.92275,3.65784,1.313249,10.98266,15.1235,13.22537,6.290959
513	-7.3178,9.718452,4.610537,1.004424,-4.046242,-0.1093248,2.433787,-3.081137,7.223762,-2.0339
514	4.30858,-1.077753,7.534429,2.684175,4.707222,0.6785597,6.986724,-5.145694,-3.329554,12.88846
515	11.31665,8.402619,17.39269,9.66469,8.765482,15.70501,15.37889,9.515099,13.48656,9.23475
516	11.37454,6.948339,9.149291,7.717125,21.47014,10.6813,8.069533,16.0022,9.723716,11.16193
517	17.64083,6.298635,-1.234697,17.00181,17.63703,3.680862,-0.1285608,6.716706,3.351344,7.688197
518	10.04796,9.184059,13.57842,13.42461,9.73636,23.93097,6.189666,4.863729,2.997655,3.445413
519	3.375799,0.9879321,4.714079,-6.133579,-9.849335,-2.314461,3.853163,3.395535,1.683753,5.769443
520	9.569698,6.584346,14.86194,19.87096,17.72326,15.69798,18.20698,21.19197,17.83276,8.258035
521	-1.132045,-1.761463,-4.137112,1.143436,0.02718263,-6.667971,13.50378,4.921572,0.5255436,13.05798
522	14.62785,15.687,15.86564,11.4302,6.952531,10.73616,10.85425,14.54332,12.24356,13.50977
523	5.328245,-3.239479,-2.01677,-13.30021,-2.856879,-1.809256,9.283035,15.47792,7.813629,5.67459
524	2.669579,-3.554305,8.359841,4.197706,5.905841,1.164987,-4.067366,17.16181,6.788651,2.563058
525	8.847561,9.684759,15.49828,23.49564,19.26047,20.78178,12.32634,6.360035,20.31073,17.78061
526	12.66219,5.292967,12.32683,15.54445,11.44765,22.82133,16.12532,10.62628,1.467271,2.136128
527	11.56743,16.12478,3.833328,11.57026,15.3237,8.456607,15.51697,-0.6341221,7.189461,15.70332
528	8.857726,-6.875145,4.092328,-8.451135,-7.619393,-1.431421,-2.365709,0.5890405,-0.5377737,6.41364
529	5.45341,12.54804,13.58312,9.013241,16.67129,9.73676,13.72251,6.89713,12.9535,7.706468
530	17.04609,4.356576,14.28992,18.12777,14.05503,7.322219,9.504062,6.519962,8.335595,4.398615
531	2.04049,15.43742,8.056279,8.479689,3.612603,-2.807107,3.149258,5.749344,1.875437,2.493182
532	14.84768,30.15018,8.428386,14.89621,9.216773,13.36842,12.23356,20.13514,16.09235,14.87638
533	3.261745,3.855874,13.07501,3.574045,7.020241,18.3637,2.536223,3.027924,7.955551,11.53593
534	7.995781,10.61512,4.153087,0.984382,6.620075,-4.849522,-5.548019,2.425682,7.785471,1.546459
535	7.828908,3.519074,8.302219,-2.570315,-2.760858,0.3561033,11.22474,1.698155,-0.6943959,-2.709599
536	13.74603,12.41763,13.18226,15.1465,19.49449,9.83703,20.14509,12.67079,18.08374,26.54061
537	13.92047,7.408042,-2.624836,8.105069,-0.4243607,8.02386,3.316367,3.756528,-1.529989,1.121428
538	20.56151,4.095339,21.53117,12.26837,11.40965,13.62599,15.61757,11.70204,0.05226987,18.41163
539	7.338547,-4.375998,8.839219,4.021398,-1.495783,4.594851,2.210749,7.968537,1.121899,-5.184678
540	17.38432,4.334456,2.778889,-1.195643,9.488964,17.87643,20.37472,23.24203,16.76546,10.38531
541	10.89764,7.258996,9.261093,-0.5817048,7.877015,5.022776,7.343004,7.221995,5.844723,6.527074
542	15.40453,6.923539,-0.8838125,6.113676,10.06932,8.639266,10.43594,4.11186,6.570404,-2.621197
543	16.63305,6.457612,6.711548,12.12342,19.27005,13.61782,13.02067,9.384979,17.92452,16.54935
544	13.45025,4.346033,2.660999,2.687879,5.277088,18.48235,8.704358,10.66287,11.11531,17.05952
545	7.354219,-8.331497,8.039542,8.56629,7.155843,-5.677518,5.042015,19.25897,8.409852,11.98679
546	0.9719768,-4.623007,1.614393,-2.310988,-0.5180283,-6.280833,-2.932458,-2.378748,10.6001,-1.496048
547	5.812748,-2.291226,4.276572,-7.947818,3.856752,0.09530928,-3.373171,3.249172,-0.4182137,4.532065
548	6.954369,2.191145,0.05397337,5.557629,2.383892,-2.195552,1.911093,3.411243,5.000398,2.054948
549	11.40373,16.32138,11.67021,14.02585,12.1942,13.29062,25.35915,18.09199,21.10857,22.15443
550	5.938824,6.202856,0.003652069,7.940878,8.620808,0.1189162,8.404641,11.88008,12.72476,12.16951
551	1.160144,-0.431154,12.55326,1.049817,5.455883,3.048528,8.710161,7.926507,11.64102,17.56936
552	4.025599,10.90832,12.7905,6.727939,5.756622,10.81066,7.19959,12.44082,5.382138,15.62534
553	-3.14011,7.068412,15.80051,5.947489,5.300237,-2.351044,6.829607,11.48319,11.38992,6.890049
554	18.12252,10.36261,20.16049,20.39744,7.772311,13.18707,10.28378,12.25519,14.66739,3.904047
555	13.54485,22.06692,13.74087,23.34491,16.53468,5.854507,20.62633,17.29743,10.8293,17.1031
556	2.013129,8.547747,5.263114,5.823129,5.233709,12.60046,6.047049,7.367822,9.744607,11.15114
557	11.10131,6.447379,13.9449,2.477803,2.155775,5.267906,3.90502,13.50042,-0.6985397,0.2958383
558	4.760861,10.649,17.0277,13.96038,1.401815,20.56226,5.971124,11.21409,12.63325,12.4551
559	6.061501,14.44486,14.33389,11.25127,6.441497,12.92611,18.22674,9.745441,14.75813,15.72125
560	5.537105,0.005267312,-6.492298,5.697677,-1.919198,7.750208,-2.03592,0.574385,5.473889,4.532723
561	4.832928,10.7471,5.973442,7.489413,5.248825,2.739579,6.158924,11.36001,4.585024,16.52634
562	4.932512,12.7548,4.897724,4.160939,2.463773,2.837588,17.26348,8.211585,-0.1122397,-0.1685402
563	-7.187957,5.825988,5.731259,6.531748,2.664454,0.7304455,5.963171,5.858274,0.5499952,6.91847
564	16.96764,12.93044,20.82529,10.69822,3.540115,-0.920803,8.426831,4.517629,11.08402,5.543714
565	20.42716,18.85293,12.9032,21.25426,17.8217,19.96083,10.7062,13.01565,17.6255,12.17159
566	5.176458,4.187985,5.17274,6.068831,-0.5710507,3.618272,-1.592931,10.75186,19.75875,8.081909
567	18.39791,15.21987,18.71455,19.14137,16.9868,15.97763,15.75034,18.00038,10.35825,13.47997
568	3.28234,-2.705979,10.14668,0.7957231,-1.182943,5.137065,-1.549698,0.8630941,-6.782637,0.1423582
569	13.24786,18.88133,16.85319,18.10347,21.938,18.27854,11.20769,12.72128,16.82597,17.47295
570	1.67288,7.200413,3.685916,-4.349275,-1.774409,-8.286974,-4.775388,3.081592,4.877368,7.393343
571	-1.406296,3.857921,3.382007,0.6402727,-1.832785,-0.3521584,-9.47717,2.476282,-8.967263,13.91604
572	-1.220023,3.33504,1.670027,-1.055233,16.96344,9.386703,11.50369,14.72753,13.57383,3.593192
573	15.20796,6.760126,13.19201,-1.190548,0.4391122,12.03395,1.566409,5.802744,9.15114,14.22381
574	5.576293,-2.757067,6.212751,0.5624143,8.64724,-3.10092,6.321868,7.796143,-9.421727,2.575485
575	15.08141,20.40965,16.83794,17.62198,12.83417,14.3941,21.25446,11.93385,14.87052,16.61983
576	21.26619,18.03494,16.41268,13.45529,14.92426,22.43966,14.90588,20.90516,11.51259,20.74096
577	-1.449406,8.248089,9.938789,3.107082,8.258991,12.97352,11.72076,1.685094,15.24428,4.837061
578	-11.14629,-4.52536,4.991121,2.914702,2.767476,-0.4861424,4.111258,4.248702,3.033573,3.490175
579	4.283476,1.418069,5.849815,-0.430788,2.839935,1.18951,6.047145,5.263229,8.899296,3.348535
580	-10.86877,-5.047165,10.03516,4.709096,-5.033881,2.458716,2.124068,-1.477342,4.695476,-2.300406
581	15.41019,15.94161,10.88457,8.008278,8.536298,17.21517,14.90049,11.37318,16.3923,9.593689
582	-1.260631,2.016797,-1.185646,0.1091674,9.386374,4.540113,-6.557825,-1.376063,9.033524,-2.848095
583	-1.866273,5.50174,4.990161,-1.631417,4.043568,7.085959,8.894963,3.161912,10.69513,6.587487
584	17.94119,8.950034,8.372911,19.7599,19.30002,20.30395,13.24708,14.34617,18.81793,12.53047
585	18.17297,24.0834,13.39859,22.18932,5.493743,16.24808,14.7202,7.253602,15.31698,18.39235
586	3.042501,11.58907,14.27536,8.497129,-4.988915,10.61401,-1.808408,5.95836,5.722626,15.66061
587	13.25015,15.96389,16.83686,9.469003,19.61123,13.77004,17.83586,17.56375,11.66158,13.09198
588	-6.470817,5.962036,0.9600192,-5.983648,10.02281,-1.961665,8.63248,8.421591,0.6800983,3.976341
589	9.625012,6.377152,-0.8544127,-3.659586,3.217393,-2.496038,-4.394649,-1.069641,-10.6694,6.042615
590	0.6008057,9.963954,12.00487,9.776965,7.403184,17.49379,16.45677,15.23029,11.39827,4.81859
591	2.473763,-1.083253,-2.508658,9.362154,6.553141,4.110493,5.496438,10.37056,7.62626,2.270712
592	7.252349,-2.18731,7.86698,5.021262,6.18529,-0.4490617,0.9579314,-8.077603,-3.174421,0.9846636
593	3.94986,6.858746,17.71764,13.28308,11.01425,15.01731,14.36736,11.30483,7.153416,12.71596
594	12.0195,0.6895337,2.172998,9.842975,6.77715,1.885971,7.959427,9.911658,9.226751,19.10887
595	4.078939,7.519051,7.544803,11.59399,5.493028,10.63059,6.174385,15.97583,10.0105,12.66514
596	8.478064,14.72539,9.100067,11.48845,11.44146,10.15936,6.038696,7.621152,7.378066,15.80709
597	11.1348,7.009796,8.03484,6.189486,10.26473,15.08722,8.404048,9.32668,7.53032,10.43885
598	1.810047,-9.592223,-0.8461882,-3.526055,3.727342,9.577596,1.725134,-0.3886905,9.50582,1.326445
599	12.824,14.2036,22.23026,19.9979,16.48223,23.66743,10.10141,12.33918,17.5444,14.5321
600	8.773871,11.60638,20.08209,11.14325,10.50744,15.85738,17.33305,7.745847,5.584516,15.64668
601	9.197179,14.23347,9.875291,12.04557,9.27288,12.84056,9.318554,10.27321,12.75285,12.18143
602	8.451831,-7.137597,6.367063,-4.752085,1.045456,-0.5818223,-6.200567,-0.1145493,5.147837,2.754192
603	1.830182,8.038693,-1.005896,8.268305,0.6534973,7.012407,9.117255,5.613007,7.06135,-5.549567
604	5.269534,-0.2201575,-3.150722,4.888706,3.312244,0.03025073,1.741872,7.701415,-1.933158,5.007185
605	13.51433,14.5963,17.79879,17.4926,14.64511,13.55872,10.66175,7.498022,14.93485,14.60991
606	7.92644,3.371707,16.27941,13.58595,16.75831,6.903469,12.60986,16.17603,17.67552,17.47138
607	-7.943619,-5.796932,-0.1861274,10.24807,9.381701,1.001309,-0.9851827,5.055378,3.413547,-5.351463
608	-2.67424,-2.589296,0.5498939,-2.313626,-6.905202,2.221611,-7.258563,7.487329,-3.600936,5.527196
609	-0.4163475,7.258386,12.17542,14.50129,3.757761,3.867984,7.690563,7.463728,3.333535,10.67139
610	-5.960486,6.565009,5.894588,9.686422,13.18497,-4.15873,11.73938,3.293587,11.69816,17.64718
611	20.7815,13.78006,4.811089,16.13941,6.00362,17.21369,11.54132,25.17001,8.210703,18.06726
612	1.538577,4.209359,-2.092601,2.917263,12.38383,-7.05616,-1.2382,8.202822,4.965543,10.5174
613	8.240984,8.113921,16.31692,11.25365,8.29281,18.82654,0.5859237,7.214425,5.225391,21.31971
614	6.510019,5.913056,2.010959,2.431563,6.186384,9.551165,1.599356,2.956299,12.30555,6.587115
615	3.862929,14.39944,7.379225,4.408434,14.22308,-1.317024,12.88898,9.603127,12.90393,11.82545
616	15.51514,11.94952,12.94423,13.4093,19.29931,19.80652,21.06879,21.21247,17.80179,17.18853
617	15.64587,12.0761,10.72769,7.049428,13.0795,9.047532,9.458854,-1.274242,6.619254,-2.078615
618	9.372587,22.69531,16.87421,15.62373,10.08233,19.91822,8.564056,17.75504,7.068222,4.774254
619	16.32284,11.44369,14.8267,10.78547,10.80181,16.30111,12.24755,8.790299,21.5195,14.31079
620	17.9589,12.7397,19.49109,17.55886,23.72041,22.10534,21.13862,16.82771,2.898868,4.344186
621	-0.1405438,7.57435,-4.430056,-1.486542,3.801139,-6.992486,6.911997,8.075034,2.170407,4.552164
622	11.14317,11.44374,15.07017,3.131585,2.600928,5.309762,13.98592,11.01667,6.944696,10.82355
623	16.14828,15.9881,17.49624,8.748957,17.90588,19.42277,15.83923,11.18468,22.17053,15.75798
624	0.4325916,2.108263,-9.292531,-6.388776,-2.438563,2.866225,-13.73523,2.133384,4.638392,-0.661238
625	10.49662,22.81511,12.65456,15.57136,11.8033,13.41695,18.74833,16.89065,16.97816,20.41394
626	-3.312337,7.096003,2.888051,-3.154874,7.663261,2.201725,4.984494,-4.648023,5.074799,5.870239
627	14.76073,-0.7910494,13.50705,14.32698,17.97501,14.55393,-1.903911,8.28266,-0.6930466,15.75445
628	3.63415,7.887653,8.497202,15.70134,14.10088,4.684722,10.93393,7.661995,15.17103,8.600364
629	-0.8343157,13.96049,9.209677,9.604573,15.25093,14.39452,8.286336,19.73123,8.864812,10.96008
630	15.97752,8.532317,16.87145,18.16637,22.83162,11.41201,9.966271,19.54254,16.03297,8.995924
631	0.01005816,-3.917482,10.54563,4.469457,9.85227,-4.760591,8.333474,5.222488,2.687342,0.08173918
632	15.85531,17.85335,7.907585,10.08152,7.34696,15.11281,19.36962,11.12951,11.10756,17.39683
633	4.39384,1.278669,-0.7832606,13.00904,3.52189,-1.038196,1.980968,0.4692201,2.361028,-0.9506728
634	9.62986,14.71196,7.981116,1.822469,6.04447,-2.335201,2.078837,3.673088,-3.01387,0.0233796
635	13.72785,16.22333,10.96233,8.818356,2.806892,10.19636,1.479094,4.740263,10.03161,7.009303
636	3.117139,-1.696682,5.211781,-4.847005,5.287592,1.580057,-4.336074,-3.085792,8.601037,-1.649538
637	9.244001,0.6320558,1.750354,1.371722,0.9030189,0.991106,3.862292,0.462091,0.799309,1.190888
638	7.104277,-5.033031,-1.144008,2.687706,6.573443,-2.351973,-5.715894,2.236412,-0.1534736,-2.432422
639	22.88785,19.64662,14.55989,11.73185,8.243784,16.47322,19.40394,25.31954,27.14371,23.0109
640	0.6450472,16.77686,-1.409119,1.471174,-4.787261,2.652667,9.063516,-2.023482,0.2298004,-1.624319
641	17.10008,24.6977,16.28743,16.31693,25.45413,12.76404,14.47809,12.77586,17.16823,12.45986
642	8.373586,10.40342,11.39117,10.6453,14.4604,23.34892,10.46607,10.69955,22.64655,13.35435
643	3.865915,4.888689,10.00985,6.598185,0.03502797,13.47531,0.4673799,14.64357,-1.852862,10.66218
644	10.43523,13.05147,6.357911,13.42764,16.89525,11.34899,11.25171,9.513348,8.497802,-1.719592
645	0.49618,16.32138,10.1182,19.78417,9.182582,11.59753,6.659014,13.82106,14.23044,16.48145
646	-4.468464,-2.861081,3.823674,-0.4910141,0.7697516,2.609518,9.196999,0.2972166,-2.328251,-2.361846
647	19.98837,6.150566,8.068371,15.23763,2.972139,7.557931,6.169008,12.61982,7.172071,8.089575
648	-3.411777,8.824627,9.590131,0.1025999,10.27305,12.34353,6.026079,-2.164682,2.190142,8.963291
649	12.83324,12.99095,1.70604,7.129391,19.35897,7.331765,7.40772,9.570142,10.71999,12.80228
650	2.472683,-5.036042,3.63291,2.428746,0.3137838,2.551246,-0.924681,0.5201057,1.715927,-2.302563
651	6.316697,10.2721,6.867909,10.98314,18.48063,6.512959,7.710724,8.351994,14.58556,20.71713
652	11.48593,26.27108,9.841516,15.24497,7.516971,15.30394,20.6606,11.94654,19.7261,20.60217
653	4.258217,-1.368762,3.452586,-0.3599164,3.410546,-4.722882,8.114388,2.158195,0.2637088,-2.682953
654	3.45221,4.564084,2.031233,2.753112,-4.737888,1.797995,6.260434,-0.146054,1.297561,-0.322501
655	15.50544,19.71581,15.47711,14.92737,8.491825,6.244282,12.90767,14.9977,11.25702,14.8297
656	15.25331,14.37456,19.92304,14.72567,16.85637,13.23384,12.67228,22.82259,14.77238,20.17563
657	1.521832,3.503731,-3.724422,3.961025,2.1817,14.26381,-2.534195,1.149437,0.71026,1.934159
658	1.675861,-3.728351,-4.445968,7.840648,6.625593,-0.4865766,3.967613,-5.628306,3.207664,3.353795
659	7.093215,14.50085,-0.1371059,7.789775,12.84027,13.78988,-0.5729766,3.252783,-0.3502428,2.052791
660	10.07685,22.71702,20.59438,5.445476,12.44902,23.88916,9.3821,20.96713,11.00775,14.56961
661	5.019203,16.45826,12.6546,10.46693,9.682596,6.872419,10.19758,13.07583,5.595571,13.51753
662	1.997502,6.378633,7.974833,2.452921,10.23499,1.098142,1.623681,-0.533252,1.196645,-2.947919
663	4.889584,1.375142,5.326348,-2.780866,4.470956,-5.256081,3.437954,-2.148299,3.979559,-2.183289
664	8.991084,14.07706,13.81488,13.96313,21.91382,15.33946,12.5936,16.12732,25.37864,12.28541
665	7.116592,8.386379,-0.4268559,19.39967,13.30958,2.298219,-2.938101,5.971232,16.12207,10.08068
666	7.347348,2.680603,-2.942267,9.853209,-1.775538,1.205654,-4.323818,5.363943,0.4017822,1.827385
667	11.70496,0.3239515,10.24703,5.812138,3.368144,1.068281,11.31852,5.852741,2.691826,18.41995
668	7.081058,4.735631,5.77577,-0.09902098,11.05391,1.445988,3.801277,1.468453,-1.463554,7.282742
669	16.96398,11.18112,14.19913,21.92851,15.4922,18.16878,12.25129,18.15111,12.6161,16.2706
670	7.636098,8.664503,9.544992,12.56896,8.903457,8.847275,9.184749,0.9091605,14.27594,6.095597
671	5.068894,-6.345567,0.5275494,1.382512,-5.013891,-9.04702,1.893234,-1.170988,6.776124,-2.305584
672	20.65505,17.17178,21.59598,13.63145,13.22721,13.44358,14.0197,13.77683,16.35842,12.0257
673	6.003226,1.220298,-0.9498117,2.393517,4.215045,4.933649,0.1318242,2.965847,5.584204,0.6349764
674	14.65612,13.53291,10.86279,5.836416,13.68625,6.75797,16.74476,14.42431,17.56587,21.01788
675	13.52002,16.05473,9.172542,11.49034,9.969521,4.812283,18.58297,6.947752,11.05273,15.33064
676	8.554621,9.210037,6.106822,3.069404,3.149952,9.231131,7.221628,2.61802,3.772877,10.30677
677	7.951868,10.2308,19.13186,19.05268,14.96961,9.481524,6.928438,16.72449,19.34361,15.59867
678	9.481855,0.3270653,-1.525029,7.24624,2.391379,2.087598,2.993437,7.355815,1.790747,1.301339
679	16.53314,20.93318,12.72372,9.455919,12.65681,14.82616,21.68515,19.51583,8.063383,9.975834
680	1.705083,12.16952,6.159008,-0.928346,12.91744,15.37418,-3.150218,7.782956,7.432911,15.0211
681	3.131855,-0.04102982,4.792243,7.26638,1.563807,6.457045,0.9888304,11.60333,-5.581795,5.253294
682	-1.647622,1.965346,1.598094,-5.047544,8.72606,2.775934,-2.404264,-7.052652,-3.473362,0.5402435
683	10.58216,7.595202,6.152172,8.103813,-0.7825488,4.958923,9.188631,11.03763,19.12641,-3.67836
684	-0.9998487,5.266541,3.303554,-2.992661,18.88456,3.997908,13.7003,12.01823,12.55462,-2.336348
685	-0.3227068,9.754629,-3.121641,3.921158,5.632891,-15.25251,0.4887963,-6.044669,-1.592494,0.6736728
686	3.115602,15.32923,0.1004811,1.380433,-1.022343,2.773629,2.037079,8.333147,0.7748852,2.410155
687	17.02027,7.905032,17.96521,4.605609,15.97051,5.986656,16.92907,18.37681,4.270948,7.92125
688	-5.632251,0.2742202,4.262403,7.486071,-6.53605,-3.466275,3.301658,7.527195,3.342851,9.824884
689	16.91374,2.84444,16.45696,3.740924,0.3223715,14.60509,6.993316,13.64208,15.16594,13.11101
690	-3.081918,1.83011,-4.012605,0.2394797,0.981021,2.246012,-0.6640721,-8.150173,-1.179669,-2.690013
691	13.10345,23.01582,15.73419,12.35768,10.9958,19.08333,10.35235,13.86879,0.571867,7.545159
692	-7.858021,7.000693,2.987765,-0.05968796,7.684996,7.6391,-0.9649054,-9.240925,4.690113,-6.070624
693	11.71217,5.504326,15.91624,14.333,10.89278,10.91509,6.11113,2.559606,13.93395,4.721764
694	20.4183,7.688915,15.8354,10.41271,1.541164,6.299846,22.31172,17.41464,11.89502,13.42358
695	4.020673,-3.780108,4.924298,-6.154995,6.631676,5.223456,3.395606,-7.271844,8.672501,6.949783
696	4.401527,0.2127513,12.23677,-9.850567,2.794955,5.291916,-5.090708,-0.8960538,-0.4408771,-2.232548
697	1.393815,7.403503,4.946859,9.81802,3.683348,9.254824,13.09373,4.809481,6.601259,2.791073
698	2.397573,2.064234,10.20835,12.84266,5.510921,3.667318,8.729559,12.24972,0.5210246,2.044674
699	5.509066,12.96134,17.47036,12.05196,14.22048,10.54134,16.85276,22.73579,15.04959,16.09733
700	21.03032,2.433804,10.50037,20.00996,7.304892,11.46397,9.843786,-1.993912,18.18729,9.173283
701	14.92406,16.43841,13.87643,13.01493,24.00434,17.31951,13.84624,19.76598,19.57513,15.37562
702	-8.767725,-1.031894,-0.5234428,-10.87816,0.8111845,9.16826,-7.920139,0.9245827,0.8768857,-0.005968366
703	5.607852,9.24556,7.768941,7.019749,3.633689,0.6786215,6.04485,0.5624254,3.69702,11.32317
704	6.297125,4.64221,4.460857,14.65005,12.30256,4.94015,-1.956683,2.961124,3.17272,5.417318
705	1.410647,-1.487232,5.69345,4.891533,5.572378,13.91412,6.181849,-3.994343,0.6299585,6.722068
706	1.622788,0.2694976,10.83752,3.891519,-1.610881,1.963838,10.1358,-2.370195,0.2144183,1.280033
707	10.76561,8.55351,12.95278,15.22247,14.23155,14.23116,14.39737,9.95158,7.327403,12.65861
708	5.239062,-1.595731,9.960241,3.07109,3.298673,8.791561,4.971595,7.147971,-1.178687,1.277314
709	13.09706,-1.390442,10.95051,5.667823,7.289869,2.892733,2.117737,7.576714,1.181532,0.2182239
710	-2.002813,0.9367126,5.106457,0.1998518,6.763014,8.086496,13.16332,-1.582436,-0.858883,1.639974
711	4.329618,4.598913,-1.513858,3.879431,6.326781,1.857836,-0.007035213,0.4456239,8.690248,0.4887538
712	2.531458,5.793781,1.730683,8.536785,15.83744,12.69504,9.457377,13.96323,5.39081,9.231604
713	-6.882587,0.6325498,6.852369,-4.304304,4.108828,2.655735,10.39887,5.008071,7.263069,-0.6943002
714	-1.301764,-2.597245,12.92616,5.201377,4.150736,3.130989,7.176439,0.5135066,1.608573,-1.69522
715	6.212896,11.5906,11.56338,19.64792,16.05584,8.858841,14.20309,9.909443,7.37398,11.89071
716	8.557216,13.22172,2.768604,9.235152,10.59308,3.914861,0.8100223,10.68976,7.885458,4.740315
717	19.75957,12.88139,1.619582,19.06685,12.54844,10.58981,8.265135,17.61252,20.0196,18.79444
718	15.93262,7.190166,12.79709,10.5725,11.74923,3.904206,11.66315,8.360991,12.63895,15.5619
719	3.125506,6.038555,6.646462,11.21653,9.528952,1.947674,6.247806,-1.166492,4.169055,6.701963
720	4.037118,-4.581853,4.639643,8.434919,1.41821,6.40362,10.51387,0.5747392,9.561347,3.351448
721	8.593321,4.370811,0.2540824,12.44554,3.49733,6.724357,8.265553,-3.189287,3.606793,1.216767
722	7.42962,-1.807599,8.7489,2.126571,-3.022871,4.889867,3.348813,6.947876,18.02177,15.64277
723	-2.058751,4.357172,-6.602234,-0.1942662,8.16914,7.405094,-4.721256,1.719977,2.280927,3.932771
724	-6.026134,-5.058467,5.150835,4.460263,-5.717601,-4.550301,-2.746302,1.096095,3.848225,-4.146718
725	0.6736645,8.66793,4.2283,8.62811,-0.9369628,5.972098,-2.514864,6.904021,2.08616,7.926577
726	11.39472,12.5202,17.84076,11.06695,8.559915,10.81831,7.957782,7.550176,-6.136165,11.81587
727	6.196222,8.191099,2.298297,3.905917,2.713555,1.551039,0.3768763,3.766264,6.85688,10.12794
728	16.51043,12.77558,8.557388,10.2322,13.79091,6.726556,12.34555,6.859683,10.36706,12.08964
729	6.957688,6.981836,8.245884,14.06089,7.948518,9.023954,9.444174,6.839607,16.26521,18.77154
730	7.887027,8.282772,2.48593,9.686933,8.044289,15.58816,21.46698,5.609426,6.594343,6.23971
731	3.946015,-3.429636,1.022269,-10.57863,0.06806172,3.533823,3.106233,0.6235817,6.555544,-4.667449
732	16.70029,20.57405,13.90988,11.14372,18.31292,18.96113,16.08208,21.13105,18.40335,14.47341
733	23.37266,12.56406,10.5119,12.12038,14.90648,18.68033,12.51407,16.15194,19.26116,15.84045
734	-2.420077,3.886491,6.81837,-5.630788,8.106894,0.4015983,4.829034,-2.581771,3.847358,1.893706
735	8.687589,15.67407,5.871133,15.21458,11.32299,15.77498,17.77781,9.877051,8.269406,10.79663
736	5.275833,5.874425,10.35452,3.986734,10.8745,2.962781,2.664959,10.17132,12.56899,13.2431
737	14.27294,17.42377,2.562583,19.16825,8.441363,8.47602,12.16616,16.26856,15.13284,9.905259
738	5.726801,2.51262,6.135045,4.441269,5.988207,8.318811,4.304412,16.68311,4.806105,6.338928
739	14.44495,9.720384,12.11486,13.25,16.39066,15.20207,5.816979,20.47694,5.652116,10.33176
740	3.103824,5.736079,3.95826,8.455851,7.027693,6.470729,-4.058781,3.154921,3.092437,-4.421421
741	5.615944,-1.005973,6.235981,7.055326,0.5745549,8.0873,5.76255,6.595202,7.636575,9.151553
742	9.037098,18.50248,7.271836,12.24447,13.71117,1.806237,4.387114,10.60199,8.724378,5.317661
743	6.254978,0.1044586,2.677041,7.898311,6.31141,6.932285,7.639323,5.388493,6.562587,7.450129
744	11.06949,22.1246,14.60282,22.54916,20.14445,18.74424,27.46267,29.47704,15.59408,14.41893
745	15.04843,6.083691,10.73511,12.67976,12.70538,12.63625,14.87511,0.8412594,10.00515,20.20598
746	-2.364529,-5.060597,-3.281323,14.42999,3.416943,7.734474,3.024792,3.409112,14.38047,2.480916
747	12.85483,7.467095,-3.503877,6.509232,1.667027,4.361327,6.559835,7.538707,7.547512,2.50017
748	15.03684,23.44241,14.42085,21.77594,14.12291,21.6142,21.1883,16.52976,11.3692,17.47079
749	9.520169,7.104219,6.077482,11.14456,10.6209,7.432207,8.889297,13.8985,11.48139,19.29303
750	1.60625,9.266214,7.371114,6.727388,0.02854404,1.061043,6.569381,20.56133,6.172023,18.76127
751	2.457049,5.506756,5.367112,8.327767,-5.22511,9.077092,-5.925169,3.228786,4.251165,6.738164
752	12.02555,6.853363,17.37993,12.64301,7.546754,2.784729,2.313878,12.88907,8.534716,7.05105
753	11.26202,13.14456,15.9928,11.79094,16.02302,21.42418,7.256024,11.73704,13.34843,16.5691
754	11.11474,3.48301,7.609279,8.011863,1.970233,4.445991,10.53185,12.29205,11.24069,1.862554
755	-0.06803355,-0.3334505,3.423088,3.342162,-5.65613,-6.54308,3.78723,8.622035,-0.9262783,-5.401069
756	12.71561,8.179432,15.36654,11.67475,16.81766,12.68159,15.76925,19.05902,15.37383,11.45046
757	8.533563,4.413034,7.937165,4.690268,12.74105,4.890251,9.851982,3.97089,14.91091,13.71631
758	3.033999,-1.001626,2.552552,4.25043,-4.198254,-1.461436,2.093589,1.796144,-2.363935,-1.373376
759	3.513933,3.051945,7.769721,8.567237,-5.842338,2.434049,1.811442,4.618858,13.08801,1.257002
760	8.128074,9.716463,4.099786,17.04154,5.708279,3.418164,7.038615,10.8352,9.525453,10.24917
761	3.946356,0.7248331,8.649214,10.3981,5.145822,11.59161,6.169915,10.3572,11.68925,18.10123
762	4.485255,4.605404,12.55022,11.58066,14.95602,11.63903,9.355374,17.30255,10.57809,6.810823
763	19.6313,9.937919,17.94991,11.41826,7.346496,20.12535,16.13748,17.97698,15.74568,6.340086
764	20.45987,12.63232,21.69187,12.64419,7.880324,21.09972,9.355405,18.72955,13.16318,18.5231
765	3.371773,1.745356,5.00155,5.010189,6.708561,-0.2520033,5.879928,9.078278,5.927707,14.01392
766	18.50742,11.97648,3.970949,22.72415,10.06012,12.00239,15.4251,19.7874,19.80092,13.48354
767	5.365765,16.63623,7.554374,16.61363,6.064652,0.7260416,6.374395,9.724281,24.79068,8.055978
768	-1.800319,2.704713,5.643486,-1.433955,11.12989,1.383687,2.227068,7.47646,-5.079169,13.29865
769	1.660037,10.32991,7.25722,3.110395,0.3559583,9.405454,10.34291,1.909488,12.56853,9.557374
770	16.81025,11.54021,14.56081,17.34825,11.25857,16.69002,16.29735,7.104471,17.66079,9.92184
771	6.912711,12.36808,8.321139,17.94511,10.87477,9.855505,0.5249296,7.409226,10.64427,3.884179
772	10.43804,15.90249,2.040573,7.76526,6.105835,5.483,14.27088,7.892818,11.83142,-2.00078
773	10.04082,18.75256,16.15469,22.00229,17.69669,20.62937,14.4928,16.14469,13.59251,19.55216
774	10.61187,15.91912,2.763716,3.031472,6.939278,11.79945,14.85999,6.404268,8.744572,8.281923
775	14.3461,4.612206,9.112584,11.95319,15.9761,16.24315,6.876408,19.20391,11.68295,17.655
776	2.976867,4.215773,3.670623,15.47078,-3.112569,17.35881,5.433799,2.511725,-0.6425954,7.962009
777	0.7517662,13.46806,7.518239,10.79016,9.929122,6.761199,3.883212,11.00043,15.17427,4.420833
778	-0.2980214,-2.642022,-2.209542,8.225259,1.042817,0.6414796,1.419127,-3.079929,3.918343,7.755275
779	0.7942122,5.140496,5.839509,8.673351,3.726411,1.387487,-0.4634557,0.1670707,3.599534,2.441654
780	2.753313,1.991939,-0.2854698,1.846397,-4.480872,6.139756,3.068381,2.274005,4.489622,-1.211577
781	6.719807,13.22476,17.24723,8.736826,12.32328,6.20454,6.934114,4.188317,13.87311,0.9394854
782	-1.122239,-5.880334,3.732403,-4.203066,2.000252,-5.742725,1.233055,-3.05431,-2.810297,-5.82601
783	8.349617,15.17537,17.97681,16.07508,12.52118,16.93999,15.94182,15.70675,9.666795,18.91325
784	12.31665,10.83013,20.54086,16.03852,11.12813,14.5764,8.694955,15.54238,13.12078,16.85393
785	21.32675,22.84595,18.3192,11.90616,26.1954,2.333536,8.943859,9.067115,10.87796,13.14117
786	5.834322,10.93391,9.150872,5.092415,6.641025,1.269776,11.80546,8.735458,-5.085613,11.23243
787	10.38644,17.02849,18.33625,13.24583,14.03268,11.58509,13.13382,15.07812,2.837119,13.96791
788	10.72199,9.102748,22.41748,15.19107,9.301576,3.463991,10.96937,11.67303,1.007815,5.238712
789	18.25312,22.66159,9.707505,14.42215,25.97189,15.20255,5.639826,14.02548,15.15872,6.743126
790	10.78504,14.88739,11.34574,14.76313,21.56574,14.73475,22.44323,16.74179,15.52698,17.25714
791	11.49387,8.648879,11.25555,16.69159,13.26845,7.589202,16.81163,-1.187263,7.084652,18.48408
792	19.7934,8.884485,11.22401,4.423978,15.87388,7.865093,16.49019,2.86162,11.21394,8.946497
793	8.920706,6.145198,5.101196,11.34138,12.09061,6.002435,9.537294,11.8297,5.194695,4.317674
794	10.21235,1.746407,-2.925651,-3.21549,3.205416,9.614926,-3.553865,2.878565,3.963051,12.95601
795	7.107329,9.304965,9.705349,9.822169,10.09421,0.08385084,-3.321589,8.285927,-4.673006,-0.1007465
796	3.379321,5.930334,-0.4299466,9.572253,3.137181,-0.5885132,0.1561238,-11.31373,4.328995,3.955708
797	3.353499,-6.846631,-3.183803,9.76659,3.807512,1.643273,1.603282,7.867987,3.984466,3.50908
798	8.560111,7.255534,11.14008,15.20938,15.0481,12.68019,16.29106,11.25887,8.606384,6.144241
799	8.427963,3.659341,9.736572,12.6736,8.165127,12.86914,8.474821,8.791963,12.97055,5.385255
800	17.44132,10.33163,11.12966,7.88941,8.648782,7.667333,6.585582,16.36694,12.15247,20.90545
801	9.285149,18.83419,9.647038,10.80508,15.28649,14.52754,13.63033,19.92899,19.8038,30.55602
802	5.637132,10.55342,11.87335,4.381997,11.79896,3.375619,13.85825,7.195636,9.67807,9.704731
803	7.610279,3.162086,7.568423,5.921663,9.239205,5.599381,2.695233,3.955916,3.810931,-1.791798
804	15.5474,4.639635,1.950357,7.08215,5.246944,5.443618,3.507693,12.63433,5.437789,11.2499
805	9.830155,18.77943,13.77782,5.257038,14.69872,26.79123,19.13581,14.18014,21.01038,18.48709
806	5.075933,9.550249,9.567042,2.781358,6.014099,-0.8264775,8.495957,9.055513,-4.727904,6.719436
807	1.419653,7.401025,6.330933,5.175328,5.315496,6.121557,13.14145,6.142209,6.879315,13.28325
808	9.002845,21.93175,4.497443,16.32203,19.32755,21.37456,11.55539,8.666696,18.06949,15.54052
809	-2.79062,-8.563776,5.646511,-3.411909,0.6607038,-0.4840633,-5.682937,3.369594,2.13454,-1.56993
810	5.255588,7.287145,0.2810049,10.30445,10.65026,2.012712,10.81193,2.614214,9.439789,12.17212
811	-0.1531021,5.738053,3.569771,2.531912,9.492903,11.35994,0.6620994,2.462955,8.7084,1.239409
812	11.89742,5.316252,12.13547,12.80097,2.722841,9.23326,5.642238,8.579707,-3.652558,7.120812
813	1.613442,0.5072998,8.224081,8.759335,13.04329,1.01508,3.262817,11.57678,10.58109,14.29883
814	-1.548956,9.564032,16.38469,2.941681,16.81035,8.105951,15.54713,21.5915,12.06942,12.32574
815	7.109499,21.46081,18.83985,10.98776,20.98193,12.25581,-0.9372705,20.07089,16.29507,17.19384
816	2.960583,9.012026,-4.653452,2.271777,-7.579811,-0.9275816,0.08983258,0.3761159,4.923582,1.303664
817	3.858201,5.11957,-1.795303,-1.806522,12.10806,3.776476,0.9515731,0.08112841,0.06193717,11.36634
818	9.7587,1.703892,-2.979829,1.725367,4.691655,0.003117256,-8.37798,-0.9115053,2.468204,7.907238
819	5.365303,-3.428724,2.435201,6.546455,1.167172,-5.208786,1.798734,-1.792099,-1.305029,-2.388951
820	15.12284,14.32726,13.9793,18.95666,16.37412,20.80921,21.80349,16.81501,9.355428,8.257541
821	6.689045,-3.159158,7.061017,6.110195,15.26498,-1.252047,-2.373487,8.980167,4.518905,2.536129
822	21.53923,19.77677,12.93157,19.35637,12.97129,10.62475,14.71201,13.26522,16.87439,15.07438
823	7.06046,8.371781,3.54205,10.81034,5.588424,8.479103,4.938474,3.530597,-0.02741375,-0.9375307
824	12.06602,19.79967,14.32102,13.77818,16.80112,18.52322,3.496071,21.20969,7.484153,18.89014
825	-5.532476,7.5954,0.882394,8.414468,5.824854,1.774411,-1.459768,4.030804,-3.767477,3.797423
826	6.670556,16.15363,14.70941,17.25159,5.627911,14.98009,8.868564,14.43362,9.870318,11.04141
827	-5.446788,5.094285,1.602796,-5.155984,-7.19506,-9.311433,6.347065,0.1306252,7.459613,-3.171088
828	7.665876,12.96654,17.25589,12.70942,9.699084,15.20399,9.717516,9.804931,11.28828,10.95706
829	8.20401,6.815608,11.33414,9.468926,16.53894,11.18264,11.45245,7.483636,5.977302,15.74039
830	16.87624,12.23992,10.27975,17.9709,12.48541,15.74234,14.03612,9.279419,11.94139,9.9037
831	1.905931,0.782354,4.966804,6.061719,6.197359,-6.753787,1.514349,9.171165,-2.095814,-3.552992
832	18.29164,8.508294,13.2134,22.48022,20.13235,19.91546,10.1176,14.90603,18.77221,13.14807
833	1.667764,-3.041111,-2.794241,-2.790941,7.238809,1.878557,-0.389375,1.851413,3.048327,6.797538
834	14.4699,11.28694,5.978342,4.717372,4.823021,4.072198,7.497802,7.375056,8.487835,12.35984
835	7.754605,10.31659,3.605443,0.05760391,4.657168,5.598895,5.383822,5.502801,1.82623,15.2889
836	1.315281,8.667196,-2.083816,4.414717,3.901182,5.095721,10.00906,2.23041,6.888873,7.041714
837	22.99792,17.49635,16.83807,12.94735,19.63675,19.32258,18.61076,16.35633,16.57054,18.77762
838	3.958835,4.669539,6.431326,5.007437,8.805439,8.235862,4.662281,4.43058,2.946012,6.581593
839	3.694985,3.691107,-1.546147,4.614844,0.2317736,-1.890394,5.986516,-2.527258,-2.805177,0.7133208
840	15.41022,10.2618,16.2746,10.11036,15.56169,8.208975,19.66552,9.437039,14.16015,14.90782
841	15.87859,10.44537,7.336831,20.21912,21.33569,11.27129,13.9269,7.795841,20.18231,15.93271
842	12.09159,4.952899,7.554473,5.473605,11.48124,4.755307,3.477444,12.47493,6.762926,4.442128
843	-0.4472784,3.253823,0.6939357,3.307662,9.155395,3.980424,-0.3759236,10.94316,1.74445,-1.697293
844	3.552561,20.92413,16.52713,18.22315,20.81863,19.67667,15.48991,18.84118,20.54135,13.07285
845	12.78657,9.016733,9.590337,13.31173,8.169267,12.97612,5.921973,5.46597,2.881966,11.75152
846	14.10803,7.035568,5.10113,10.81021,13.03455,6.698944,7.499888,7.517807,0.5286859,7.451038
847	8.787018,2.069398,-5.52362,6.465135,-0.1564587,4.111118,0.3006818,-0.4905104,-3.150656,5.75018
848	9.207253,11.55851,1.572973,0.8052934,10.93079,2.506585,1.769357,3.900633,7.372602,14.93794
849	16.4371,20.53086,11.73668,19.12804,18.74977,16.15076,23.49209,16.57928,5.629447,18.03147
850	13.81273,12.54181,18.08142,13.76786,19.61812,11.38426,18.17239,21.65642,19.65485,23.04286
851	4.474236,5.162566,10.98043,11.92951,1.551619,6.20155,2.792823,6.414064,17.73316,4.603065
852	0.5689944,3.553771,-0.02470375,1.1944,5.469923,8.350735,5.828571,-2.827259,-11.92555,1.598172
853	9.037475,9.708105,15.07977,13.5006,7.282105,18.54085,8.398004,17.29583,16.21382,20.50688
854	4.196779,9.111873,1.847927,8.072999,6.583788,-3.038151,1.123411,5.673447,7.735402,0.6039622
855	12.46685,17.3904,7.821575,8.772335,3.577165,4.301597,16.49018,6.326903,11.30831,8.721641
856	7.552739,11.68659,9.126604,3.225701,-1.418373,3.921493,4.953515,9.466979,13.3971,1.835721
857	6.121395,16.34822,11.81203,14.07223,14.35913,9.541358,11.54055,17.55354,15.71595,8.23526
858	7.017425,-9.520388,3.446406,5.339603,-5.701056,4.559989,-0.4714989,0.9006804,4.698496,8.20447
859	14.12106,14.16872,8.26001,11.32095,14.32312,21.01448,2.688329,12.06435,6.446594,3.881845
860	11.36503,10.26466,4.604984,-0.0575152,11.09471,8.707706,6.58585,13.14635,7.434958,-3.807088
861	-0.3028767,-1.197386,-3.335864,16.35542,-0.8985599,-2.065411,-1.606317,2.903672,-4.588854,6.545661
862	6.325931,17.6613,20.91944,12.48875,13.99977,7.643431,14.69766,2.174876,17.50357,14.83635
863	2.314376,8.598912,3.799558,-7.561284,0.8184456,5.614511,1.113043,15.13631,0.2733284,-3.128424
864	5.31285,13.46234,6.157222,14.85661,17.53192,6.967277,9.504445,14.39855,8.038723,3.328781
865	3.501038,1.642572,6.706983,2.998152,0.661553,-3.88887,0.1362808,-11.78752,6.173635,8.354671
866	0.08288518,-1.719958,2.216901,4.512121,6.467248,4.620891,1.779609,2.335801,-2.952433,-5.248349
867	9.773441,2.625316,11.65579,0.6845055,13.19926,7.380539,7.514916,8.052279,9.610724,5.474753
868	8.25895,8.55004,4.304675,9.978138,14.52104,10.41357,13.3907,10.07755,3.91691,7.813145
869	13.14963,21.83337,12.42427,15.0067,16.10102,14.3182,6.264508,14.17681,27.98799,12.47468
870	7.277081,3.853006,15.92386,2.941384,9.775495,7.390928,6.155543,-0.8745519,4.860795,9.524551
871	14.4878,8.705675,14.52227,3.793154,4.883124,9.795077,7.849151,16.77942,15.31688,18.33484
872	-5.365479,-1.940342,3.415664,3.509575,10.14198,1.482156,3.7625,6.539639,8.706804,0.3604677
873	21.10511,14.63601,9.653137,11.81007,10.26086,15.69515,19.44396,22.73735,15.78317,25.73851
874	7.676559,-1.997862,9.28482,9.196526,13.50606,1.643017,12.42493,8.646555,1.543952,1.417774
875	5.940039,-1.415118,-1.443369,-3.095194,8.394757,-0.7484865,-0.8615426,-1.520441,7.79558,3.101604
876	13.38485,16.79825,10.32168,9.986485,14.52693,24.83836,9.628248,15.74755,22.39633,9.488549
877	-12.11398,-2.805819,-5.232895,1.564582,0.6079969,0.8870908,0.989593,0.1401948,3.306667,11.11244
878	10.23429,6.316022,4.613265,10.07145,15.2137,10.23269,4.274654,2.5833,0.3944773,5.860064
879	19.91523,7.898011,22.65799,13.31812,17.19231,13.35353,6.86758,14.12937,20.33724,18.69706
880	3.556012,7.189692,15.89294,9.803093,11.59027,10.39527,3.253378,16.97935,9.018986,9.029644
881	9.720131,3.302779,4.008066,-3.236918,1.605714,2.699505,2.910399,3.725309,1.495699,7.870195
882	15.37168,4.970206,10.41156,9.6873,13.61174,11.7267,10.15471,13.61377,12.87378,15.82065
883	1.357658,-1.174471,-1.056748,5.338884,-2.640884,5.80518,8.699379,9.108387,7.825217,3.047552
884	7.627542,10.0225,10.39356,-0.2925554,4.696397,1.11822,3.131468,6.083751,8.711113,6.172575
885	6.202069,12.01144,12.13775,0.4066393,9.720596,4.989233,3.20089,15.36512,9.110234,8.659584
886	9.530263,26.75256,15.66634,15.64239,20.63319,16.00374,14.50981,19.11803,18.97201,17.66023
887	7.875117,4.13578,10.08415,7.799334,1.922993,14.44895,2.885257,5.821965,7.719182,8.767289
888	17.62108,14.24257,16.58963,19.3416,12.99396,23.81779,16.80376,23.12933,15.38965,13.80813
889	4.131956,6.467202,0.8944044,7.66384,5.599005,6.851096,4.87599,3.949928,7.15767,8.36847
890	9.754585,0.6062712,5.487371,6.340202,4.99072,-1.043615,-4.145008,-4.882974,1.282656,-6.13009
891	8.845214,4.482004,2.193726,14.90127,14.81593,18.14456,14.65888,10.53974,8.555755,14.80414
892	21.67559,21.14468,9.33268,5.021788,8.29346,13.56934,19.43054,7.855147,12.85586,4.083583
893	11.40838,11.63668,9.624492,10.06402,15.7043,11.18503,11.68914,20.49346,13.72902,20.04285
894	1.297339,12.03542,14.22682,0.6536433,5.669018,10.58731,10.65124,12.28646,13.5121,11.44305
895	25.13556,15.99092,20.88856,12.61917,14.47064,18.72883,10.42062,14.55699,13.10457,13.91016
896	-5.063505,7.160144,5.656881,3.987441,6.222976,1.547941,3.472855,14.52835,0.9750805,1.593675
897	6.38484,17.74308,16.1085,8.052207,17.36004,12.33034,10.34432,6.846225,8.426586,9.371622
898	15.3636,5.16891,15.25518,10.65868,11.96716,16.75188,13.85892,16.9891,17.29063,15.49806
899	13.28178,11.73381,19.70982,17.73339,13.14982,6.359283,23.32175,18.759,23.53093,18.87712
900	20.3017,8.028135,6.505814,17.63739,22.31611,9.741931,12.16605,15.3949,17.39416,17.76694
901	19.95246,9.455452,15.41361,13.33718,16.67483,16.19354,12.58888,10.87077,7.123691,14.67522
902	-1.943897,9.676521,1.738871,-3.70455,1.795412,6.709641,0.04548207,6.025567,3.708611,-0.386797
903	1.241295,-4.096281,9.753766,8.179044,2.628322,8.055011,12.04185,1.403187,9.957242,4.960387
904	7.730699,-11.51391,5.998295,8.693999,3.258977,5.968863,0.06102756,5.304964,15.23528,14.23124
905	11.13391,12.72406,12.53842,0.2399571,6.559202,8.600575,7.321477,11.81688,11.45076,8.447868
906	3.797888,2.798149,10.36301,1.676713,4.877958,2.44103,11.56701,5.324731,9.958672,4.30838
907	17.00083,20.68586,17.09866,15.0736,15.56591,15.92803,17.79116,14.60677,18.74043,13.25444
908	12.30491,14.34502,20.17797,18.83751,11.19719,14.94536,14.22629,21.71259,9.786682,21.06067
909	10.64957,6.249282,-1.568235,-2.22918,5.442332,8.322675,4.502616,0.333572,-1.073654,-7.761137
910	11.20241,13.90767,6.927105,15.49668,10.70704,16.03106,17.32789,9.283871,16.73413,9.649255
911	1.949646,4.238082,7.637575,3.694821,-4.094411,7.5568,4.17748,5.863237,-1.985048,3.720185
912	10.8824,14.97197,11.99946,15.34446,8.951714,12.30139,17.10073,10.81788,15.27794,15.60088
913	-1.877526,-0.1274758,1.041912,4.192598,3.575909,-1.038434,-4.900052,6.083243,1.35101,0.1472418
914	25.69136,10.95478,16.23884,24.26221,16.29329,23.83143,8.544173,18.69307,15.07139,14.18207
915	15.35758,17.79413,16.07783,17.24602,18.45519,11.40355,22.03149,10.07472,15.38478,11.21453
916	10.80205,6.966815,10.3679,19.73129,15.90265,20.44376,3.3894,8.818164,23.32969,11.2537
917	-1.517949,1.769155,2.753904,-0.5400308,-6.633052,0.02286889,-5.057609,7.419348,7.851112,3.473773
918	-0.3406161,5.954308,7.708797,7.970198,2.185022,13.45164,11.7727,1.71873,8.855344,6.637663
919	19.30781,19.45403,5.493288,12.61305,16.84828,13.01972,2.7414,11.6222,13.73062,2.264547
920	3.076121,6.756045,-0.4190877,3.453205,-5.690129,6.885368,-4.080169,6.26507,16.10358,1.397437
921	10.28543,17.57978,11.7189,14.97237,7.813838,7.556826,13.58668,18.03321,6.563933,8.871389
922	14.95518,7.067622,13.57939,6.217997,3.029147,-0.05571462,8.622182,7.308456,0.9151038,12.64107
923	11.94039,3.661798,3.147221,3.730964,-4.343098,9.911505,-0.7042724,4.796041,-1.711507,5.898506
924	6.276255,5.244748,-1.55145,2.766813,-5.12728,9.55057,9.962653,3.446368,10.51711,8.454158
925	14.9758,14.70045,15.31731,21.34106,20.33672,9.465445,8.991637,17.22598,12.59551,16.54219
926	0.7445858,1.936086,14.12597,-5.016481,1.711678,1.309826,-11.4399,-0.9299688,3.829265,4.276798
927	0.5910098,-5.49433,11.4451,2.915992,7.367263,-0.4351487,4.704639,7.316377,-5.739605,0.6702427
928	8.024487,2.890898,13.21657,9.581721,-1.929298,-3.42191,8.576768,7.737724,9.131922,2.726457
929	13.58103,9.431151,22.5169,15.77805,20.91302,12.826,14.93775,13.4047,21.77019,8.35647
930	16.50031,15.23345,20.08482,17.92883,20.31503,10.5251,17.2566,16.9019,24.97232,9.710458
931	16.76119,11.77376,9.077061,19.63839,14.01439,11.98596,13.90629,16.63398,21.70673,13.37067
932	9.330471,3.657086,6.400278,9.737056,13.49043,2.889356,11.52358,13.87823,19.18822,10.24362
933	-0.5911178,7.710358,11.24508,7.334152,1.530832,9.856017,9.897763,7.173589,0.7267243,11.95387
934	1.119788,0.3885679,-3.874705,-5.063852,4.25813,-0.6264918,-0.1678798,9.399667,-8.674935,3.988344
935	18.51254,14.80154,26.65794,10.1825,11.3112,19.1227,8.664669,19.14959,19.71734,25.42756
936	6.045038,6.352289,-4.608303,4.338446,-1.948287,-3.188841,-1.120675,8.482887,8.426074,12.19288
937	-1.682924,7.291714,2.522737,0.01624602,10.18745,-4.796452,-1.572085,14.76883,6.669322,6.014461
938	20.72214,14.09018,8.231542,19.48306,16.90795,18.0413,9.227918,20.30512,17.35793,11.58645
939	8.532976,1.97802,14.69544,0.9195721,4.00829,-5.333251,6.821374,10.75976,6.272627,-0.4368437
940	-8.055361,2.637597,-6.174363,0.1478566,12.78385,-2.025399,3.256172,0.5670997,5.009332,-1.530867
941	12.8543,0.6776547,-0.5218413,-3.615323,-0.298814,4.618629,13.02562,3.900795,5.116359,4.068131
942	-4.309252,6.364174,-0.09450258,-0.08808161,-0.9696478,1.104961,7.755654,4.751879,-4.351621,-3.718312
943	12.14094,10.16611,8.62941,13.13956,30.74948,16.57675,7.199813,11.43259,16.62649,18.60925
944	-1.334034,4.775937,2.078903,-2.363691,10.04511,13.2583,0.3896275,7.441788,7.879181,6.637701
945	10.16531,15.42106,8.967718,14.63566,6.563802,16.15115,10.56151,18.24542,20.38255,10.91962
946	16.81782,25.30205,8.62904,25.57143,13.84393,16.35654,14.96935,9.714651,15.85108,9.243488
947	1.507272,7.736516,1.60062,7.543072,6.358624,-1.871745,5.62034,-3.09272,0.8384057,6.120353
948	22.70746,11.43787,13.89983,8.952742,7.673081,14.49871,13.06397,10.14659,12.2151,6.158411
949	9.020435,1.125342,4.639743,2.391381,14.73815,9.255109,13.86479,-2.575735,8.396894,8.486436
950	4.448454,1.506224,6.227125,2.335205,9.093332,4.396383,6.670514,6.571318,7.404286,1.821967
951	-4.660566,-1.361645,0.9121863,2.97372,-1.153988,4.695448,2.731656,10.08425,0.2191078,-0.8139803
952	2.931613,-0.9674593,1.401529,6.961544,-1.107618,0.5992078,7.642733,5.467321,5.498628,-11.15212
953	6.327605,4.230221,-1.974572,1.749418,-3.254836,9.1991,5.600794,12.04305,5.437611,10.44802
954	9.117027,4.477479,11.41936,9.060246,8.988783,5.522835,17.73653,16.81928,3.470584,4.776912
955	17.15491,17.21368,6.597294,13.25628,18.33085,8.005115,7.267746,21.57088,14.86567,19.92199
956	16.31832,3.763758,12.63796,19.02794,15.14692,15.93659,4.128419,9.801172,22.50866,20.18948
957	8.275787,6.034013,7.090126,9.557572,14.82865,0.5005583,9.656219,9.414827,14.93472,16.25191
958	10.41634,17.57046,6.962301,12.58741,8.144813,12.36865,17.49428,8.258944,5.056439,17.62976
959	11.88688,13.51187,8.015928,4.949805,9.688988,11.4315,10.28522,11.78199,8.236024,8.990796
960	1.004323,-5.712689,-3.046685,3.403626,-0.2068647,0.9342949,-0.08661216,-0.004726333,-4.669153,2.417175
961	18.24729,5.093534,7.34858,7.163208,5.467085,8.135392,4.992183,8.373114,7.439856,9.227898
962	20.92483,17.45502,10.84806,12.50865,5.661827,9.397652,22.30337,17.0719,18.11112,21.67071
963	9.913251,4.948516,3.049094,0.5856631,11.80932,1.709771,5.255745,2.331462,0.6185001,9.812139
964	20.51391,16.63777,22.44008,14.82162,13.96995,6.606609,10.11889,14.72155,18.99893,14.64512
965	14.71791,10.56762,9.278873,12.97086,14.86862,18.56175,22.25888,8.183979,13.93838,21.83569
966	17.21465,9.076877,14.02449,10.56587,8.968463,15.55602,-2.344596,5.077697,1.970599,6.70832
967	8.775099,24.2527,16.75485,15.42613,9.835908,13.66486,21.74007,10.32434,16.97086,18.2102
968	11.51815,9.873311,11.66787,9.705326,19.00636,16.88159,20.187,12.33836,14.02227,17.93212
969	7.467492,12.08183,18.23482,11.3094,-3.868607,4.588645,9.453862,14.11486,15.24695,10.72442
970	13.15014,10.94933,7.423334,19.9511,20.43517,8.54905,16.69966,9.722936,3.55204,18.92469
971	4.046663,11.76679,8.476574,12.92719,5.436563,28.03152,14.59415,10.60587,12.93999,17.27714
972	20.37565,16.42116,22.50127,16.2035,19.73082,11.96561,17.02531,23.98023,21.61053,15.43283
973	2.345096,4.580684,4.426277,-1.152792,6.418233,5.982154,2.203568,-7.632198,6.691687,10.39882
974	18.66318,5.697681,7.521691,11.1256,6.544672,7.10382,3.470304,3.48549,9.115934,7.521215
975	10.39247,20.51195,18.23167,24.51764,12.1768,15.57554,21.13792,5.963522,14.82972,13.48013
976	13.08407,10.98915,6.724403,13.62675,2.675347,4.972935,14.23311,12.19137,9.173432,13.17886
977	7.23109,7.447555,3.721073,10.51235,4.911989,9.981206,2.661921,8.87562,12.06334,6.60032
978	7.246729,9.225899,17.98088,9.314819,19.31529,2.805288,14.62274,16.56998,6.478612,12.79848
979	-5.646682,-0.4956087,0.3315061,-1.306028,-4.04615,-1.938736,3.373654,5.943933,-1.159409,2.939454
980	6.903997,-0.6024908,10.61615,8.815904,3.128003,2.908016,-3.199778,3.274479,8.148175,11.50517
981	12.27295,8.627738,15.78292,5.699191,13.65529,9.635949,6.079617,22.39904,10.59621,8.787013
982	-5.874138,4.243112,18.23976,0.2339806,9.319134,-5.157073,1.563136,2.384494,-0.2321932,0.04427698
983	13.52622,13.75808,9.560245,15.62247,9.007045,14.8741,16.56359,19.13712,22.37058,14.24846
984	-3.976271,1.796162,-8.185932,-3.865774,-2.795546,-1.515038,13.79473,5.385363,-3.797397,-1.115919
985	3.605137,21.87966,3.732007,5.707249,5.576564,9.358591,-2.075876,8.464119,3.274401,4.95293
986	-7.845906,7.074618,2.196657,6.279887,8.436558,1.63446,7.817208,7.22678,4.910964,-3.8758
987	21.69279,12.99121,18.26392,11.43676,16.90144,13.25896,13.13904,11.36328,19.51274,4.376048
988	-3.093016,6.65431,5.404857,-1.583031,1.164625,2.428186,-2.330129,4.4825,2.994554,17.54184
989	-0.9751953,7.464853,7.85848,14.04159,11.5409,11.67905,17.22749,9.799384,6.354499,5.022486
990	3.192312,6.438343,0.7812737,4.172471,11.07096,1.629052,-3.20636,2.513063,-1.282795,6.126969
991	11.41569,14.28514,-2.548608,2.567286,16.54322,5.719214,11.21662,-1.077586,4.198004,7.00318
992	3.088817,8.759534,0.6250601,3.240111,-5.106695,-1.898666,11.70051,-0.7182718,7.200152,4.766422
993	5.809237,13.8547,15.94684,10.93929,15.07405,18.56309,17.13566,7.653067,18.4253,11.12067
994	0.7406221,7.436965,9.866884,-4.180013,2.108021,2.543718,10.51201,8.199605,6.315574,1.253825
995	17.89131,13.14762,8.639672,13.70539,16.39039,14.11502,18.70017,7.927659,19.22324,8.988078
996	0.2078632,15.02697,7.108604,0.4559829,6.004664,6.493605,5.325481,10.42766,0.448174,10.53369
997	4.342665,8.430309,11.43344,13.70886,8.814346,8.23316,17.43692,12.38802,22.4955,9.195756
998	-3.771668,-4.278753,2.210753,6.183039,4.351373,7.421245,-3.419499,3.019813,10.13553,1.463794
999	13.01885,2.447182,4.026861,5.503117,-8.030557,-0.06678003,9.70677,2.193658,-1.317767,8.472872
1000	6.161147,2.368964,6.298735,-0.6511778,7.276096,1.905483,8.770071,3.609082,2.233194,4.214803
